,date,open,close,high,low,volume,code
0,2004-01-02,5.684,0.3978424746555758,5.921,5.639,0.015376845597173954,600377
1,2004-01-05,5.684,0.3838055627761892,5.746,5.447,0.012113755521101093,600377
2,2004-01-06,5.661,0.35235248245386014,5.797,5.413,0.02067749216394245,600377
3,2004-01-07,5.419,0.32960748635300235,5.458,5.239,0.03806931718470768,600377
4,2004-01-08,5.25,0.34286456979464514,5.396,5.25,0.02355410476641897,600377
5,2004-01-09,5.363,0.34936314010917596,5.464,5.317,0.017977823223342796,600377
6,2004-01-12,5.385,0.35898102417468153,5.594,5.317,0.030277350007804595,600377
7,2004-01-13,5.47,0.34650376917078235,5.554,5.329,0.012245470956190867,600377
8,2004-01-14,5.374,0.33701585651156746,5.402,5.25,0.006344960290029683,600377
9,2004-01-15,5.317,0.3376657135430205,5.351,5.244,0.006249698403513453,600377
10,2004-01-16,5.306,0.3435144268260983,5.385,5.306,0.004624001386843714,600377
11,2004-01-29,5.357,0.35963088120613457,5.526,5.357,0.004624668220049326,600377
12,2004-01-30,5.487,0.344294255263842,5.509,5.346,0.007291545902379281,600377
13,2004-02-02,5.34,0.3670392513646998,5.583,5.255,0.04396229157718003,600377
14,2004-02-03,5.594,0.3698986223030934,5.611,5.464,0.037477158713468746,600377
15,2004-02-04,5.492,0.36846893683389653,5.639,5.464,0.08898055058173841,600377
16,2004-02-05,5.543,0.35898102417468153,5.571,5.419,0.03162580318074993,600377
17,2004-02-06,5.47,0.35157265401611654,5.543,5.346,0.05224862560648612,600377
18,2004-02-09,5.413,0.3479334546399792,5.413,5.301,0.027114602452195494,600377
19,2004-02-10,5.385,0.3435144268260983,5.436,5.295,0.0497349184530202,600377
20,2004-02-11,5.351,0.33324668572913957,5.368,5.255,0.019609733431944207,600377
21,2004-02-12,5.272,0.34065505588770467,5.374,5.272,0.01777903283549154,600377
22,2004-02-13,5.334,0.34572394073303875,5.391,5.289,0.014705376313083227,600377
23,2004-02-16,5.385,0.3501429685469197,5.458,5.346,0.024016135500676737,600377
24,2004-02-17,5.447,0.34286456979464514,5.47,5.289,0.03670199157357807,600377
25,2004-02-18,5.357,0.3479334546399792,5.408,5.272,0.025964749143328376,600377
26,2004-02-19,5.408,0.33909539901221736,5.442,5.306,0.022391814489034455,600377
27,2004-02-20,5.301,0.34572394073303875,5.385,5.177,0.049681709397073864,600377
28,2004-02-23,5.357,0.3479334546399792,5.396,5.284,0.04250933611472639,600377
29,2004-02-24,5.301,0.33701585651156746,5.329,5.233,0.012946810134031463,600377
30,2004-02-25,5.278,0.2959448921237328,5.306,4.911,0.030428752899441056,600377
31,2004-02-26,4.911,0.2717702105536783,4.99,4.793,0.04958521969068697,600377
32,2004-02-27,4.799,0.278268780868209,4.911,4.601,0.039355543176449806,600377
33,2004-03-01,4.849,0.278268780868209,4.878,4.708,0.020861929760891924,600377
34,2004-03-02,4.872,0.2731998960228749,4.872,4.799,0.01772742206230786,600377
35,2004-03-03,4.81,0.29373537821679224,5.007,4.81,0.07206326735632673,600377
36,2004-03-04,4.968,0.3120613465037692,5.137,4.889,0.10044838817364324,600377
37,2004-03-05,5.188,0.29373537821679224,5.193,4.9,0.05399601439085331,600377
38,2004-03-08,4.934,0.2848973225890305,5.036,4.838,0.03138376389642031,600377
39,2004-03-09,4.962,0.26371198336366003,5.03,4.624,0.051868075539161895,600377
40,2004-03-10,4.737,0.2651416688328568,4.771,4.624,0.0185178628580033,600377
41,2004-03-11,4.765,0.26813101117754096,4.793,4.714,0.027311572279548883,600377
42,2004-03-12,4.787,0.25786327008058224,4.793,4.669,0.031547561417957934,600377
43,2004-03-15,4.692,0.2651416688328568,4.771,4.692,0.057830485262250514,600377
44,2004-03-16,4.765,0.2820379516506369,4.889,4.737,0.047891611533585225,600377
45,2004-03-17,4.883,0.2754094099298154,4.9,4.793,0.023845225091612562,600377
46,2004-03-18,4.827,0.2659214972706004,4.878,4.731,0.022149976313131918,600377
47,2004-03-19,4.754,0.2717702105536783,4.804,4.725,0.013449274246788342,600377
48,2004-03-22,4.827,0.27021055367819075,4.838,4.737,0.02282608167569977,600377
49,2004-03-24,4.793,0.26657135430205353,4.816,4.731,0.027406834166065114,600377
50,2004-03-25,4.776,0.26657135430205353,4.804,4.737,0.010025879585016783,600377
51,2004-03-26,4.793,0.26657135430205353,4.804,4.725,0.019994062220766905,600377
52,2004-03-29,4.759,0.2534442422667013,4.787,4.63,0.022742653432419668,600377
53,2004-03-30,4.658,0.25045489992201714,4.658,4.613,0.013125743710871112,600377
54,2004-03-31,4.635,0.26150246945671946,4.771,4.635,0.008881784327956868,600377
55,2004-04-01,4.725,0.2621523264881726,4.748,4.714,0.01588404105029448,600377
56,2004-04-02,4.737,0.2724200675851313,4.861,4.725,0.02360685868224084,600377
57,2004-04-05,4.821,0.26657135430205353,4.849,4.742,0.0174507392052485,600377
58,2004-04-06,4.793,0.2621523264881726,4.793,4.618,0.06989485278751997,600377
59,2004-04-07,4.725,0.25487392773589806,4.731,4.618,0.11919462552758811,600377
60,2004-04-08,4.658,0.2563036132050948,4.703,4.635,0.029088598095276683,600377
61,2004-04-09,4.68,0.24759552898362364,4.697,4.601,0.028282301487803318,600377
62,2004-04-12,4.613,0.25487392773589806,4.697,4.613,0.03497228974614072,600377
63,2004-04-13,4.68,0.24824538601507667,4.692,4.613,0.025644489265514873,600377
64,2004-04-14,4.618,0.2196516766311411,4.635,4.381,0.04338305696854513,600377
65,2004-04-15,4.398,0.22186119053808157,4.455,4.393,0.012656758858897658,600377
66,2004-04-16,4.415,0.2226410189758254,4.483,4.302,0.016990285584445274,600377
67,2004-04-19,4.421,0.22706004678970632,4.472,4.41,0.010824597580185079,600377
68,2004-04-20,4.455,0.22121133350662853,4.455,4.376,0.006249698403513453,600377
69,2004-04-21,4.41,0.22043150506888481,4.449,4.393,0.007454422559013917,600377
70,2004-04-22,4.404,0.20431505068884853,4.438,4.229,0.024659661298056038,600377
71,2004-04-23,4.286,0.19547699506108657,4.314,4.207,0.01810556941316106,600377
72,2004-04-26,4.212,0.18014036911879389,4.229,4.077,0.017558967292984992,600377
73,2004-04-27,4.094,0.1829997400571874,4.229,4.049,0.012534865982773114,600377
74,2004-04-28,4.116,0.17572134130491285,4.173,4.021,0.028067422425784878,600377
75,2004-04-29,4.06,0.17793085521185342,4.105,4.021,0.013933299892177304,600377
76,2004-04-30,4.077,0.18897842474655574,4.201,4.077,0.01874448030137135,600377
77,2004-05-10,4.173,0.17208214192877563,4.229,3.975,0.034775330503441386,600377
78,2004-05-11,4.032,0.15232648817260203,4.054,3.829,0.048406872493097455,600377
79,2004-05-12,3.891,0.17065245645957888,4.021,3.868,0.017230652493433838,600377
80,2004-05-13,4.021,0.1640239147387575,4.026,3.936,0.009456277011574074,600377
81,2004-05-14,3.97,0.15518585911099564,3.981,3.863,0.011310644894498994,600377
82,2004-05-17,3.902,0.16259422926956074,3.981,3.88,0.029663799950715733,600377
83,2004-05-18,3.947,0.17065245645957888,4.026,3.947,0.016067684798189652,600377
84,2004-05-19,4.049,0.1676631141148947,4.049,3.992,0.012599919266609642,600377
85,2004-05-20,4.004,0.16467377177021053,4.032,3.964,0.009101204206565917,600377
86,2004-05-21,4.004,0.16987262802183517,4.021,3.953,0.004817065476849939,600377
87,2004-05-24,4.015,0.16545360020795424,4.032,3.975,0.0026061005987325996,600377
88,2004-05-25,3.992,0.15297634520405506,3.992,3.88,0.008813195769665183,600377
89,2004-05-26,3.885,0.15232648817260203,3.913,3.863,0.004915502759583374,600377
90,2004-05-27,3.88,0.16545360020795424,4.009,3.874,0.008348677641703935,600377
91,2004-05-28,3.975,0.16103457239407332,4.004,3.925,0.007555315481488661,600377
92,2004-05-31,3.947,0.17273199896022878,4.139,3.891,0.012759324156713466,600377
93,2004-06-01,3.992,0.16623342864569796,4.004,3.891,0.01628413038900858,600377
94,2004-06-02,3.975,0.15661554458019228,3.975,3.891,0.014015013421500112,600377
95,2004-06-03,3.913,0.15011697426566156,3.913,3.851,0.010156388369544016,600377
96,2004-06-04,3.857,0.1515466597348583,3.874,3.806,0.008517735736308069,600377
97,2004-06-07,3.88,0.14270860410709646,3.88,3.795,0.005353802699444545,600377
98,2004-06-08,3.801,0.12659214972706,3.806,3.66,0.018940910311367815,600377
99,2004-06-09,3.682,0.1229529503509228,3.682,3.592,0.020829974690292755,600377
100,2004-06-10,3.643,0.12737197816480378,3.693,3.592,0.009912634371257101,600377
101,2004-06-11,3.682,0.131011177540941,3.891,3.682,0.028370746857106607,600377
102,2004-06-14,3.722,0.12217312191317908,3.727,3.609,0.008622238025816372,600377
103,2004-06-15,3.609,0.12880166363400047,3.722,3.598,0.005607008793804684,600377
104,2004-06-16,3.772,0.13763971926176238,3.829,3.682,0.012994917386722158,600377
105,2004-06-17,3.772,0.13023134910319728,3.806,3.699,0.008741325968615717,600377
106,2004-06-18,3.739,0.12802183519625682,3.75,3.598,0.008943895077965449,600377
107,2004-06-21,3.733,0.13465037691707826,3.75,3.677,0.0037809125218669693,600377
108,2004-06-22,3.75,0.13621003379256558,3.812,3.722,0.013576078402395502,600377
109,2004-06-23,3.767,0.13244086301013774,3.767,3.682,0.006959716997681081,600377
110,2004-06-24,3.722,0.13179100597868465,3.75,3.665,0.00433318801661778,600377
111,2004-06-25,3.677,0.12373277878866651,3.744,3.648,0.006001276572787241,600377
112,2004-06-29,3.665,0.131011177540941,3.716,3.626,0.008168420983107114,600377
113,2004-06-30,3.733,0.12880166363400047,3.739,3.665,0.004188337025842825,600377
114,2004-07-01,3.665,0.1390694047309592,3.795,3.665,0.011791844437254641,600377
115,2004-07-02,3.801,0.13828957629321548,3.801,3.722,0.007653085931016487,600377
116,2004-07-05,3.772,0.1390694047309592,3.806,3.75,0.005467725331063898,600377
117,2004-07-06,3.784,0.14569794645178064,3.846,3.784,0.011442138051853562,600377
118,2004-07-07,3.829,0.140499090200156,3.829,3.772,0.004154550810091735,600377
119,2004-07-08,3.767,0.1390694047309592,3.784,3.744,0.0019166056487821895,600377
120,2004-07-09,3.767,0.13828957629321548,3.834,3.767,0.00414250547377446,600377
121,2004-07-12,3.836,0.11892383675591373,3.836,3.623,0.007469579783624055,600377
122,2004-07-13,3.617,0.12191317910059785,3.669,3.6,0.0038797943600708154,600377
123,2004-07-14,3.629,0.11437483753574212,3.669,3.56,0.006293095485148625,600377
124,2004-07-15,3.6,0.1173641798804263,3.623,3.56,0.004924108083332008,600377
125,2004-07-16,3.611,0.13309072004159084,3.732,3.6,0.009949754753036258,600377
126,2004-07-19,3.738,0.13309072004159084,3.802,3.715,0.006610275228631437,600377
127,2004-07-20,3.744,0.12711203535222249,3.744,3.675,0.005117405035727494,600377
128,2004-07-21,3.686,0.1278918637899662,3.709,3.652,0.0037552553204319313,600377
129,2004-07-22,3.709,0.11593449441122955,3.709,3.583,0.0038538619576302864,600377
130,2004-07-23,3.6,0.1173641798804263,3.629,3.56,0.004421728647807587,600377
131,2004-07-26,3.611,0.10917598128411748,3.629,3.542,0.003275939846098495,600377
132,2004-07-27,3.548,0.10618663893943331,3.565,3.433,0.008628811095985994,600377
133,2004-07-28,3.456,0.10319729659474913,3.525,3.456,0.0021123053176486965,600377
134,2004-07-29,3.485,0.10397712503249285,3.519,3.473,0.0026008611949742072,600377
135,2004-07-30,3.514,0.09565895502989341,3.519,3.444,0.003599618567172528,600377
136,2004-08-02,3.433,0.0874707564335846,3.444,3.375,0.003299035561251651,600377
137,2004-08-03,3.381,0.0762932154925916,3.398,3.289,0.006446657646212786,600377
138,2004-08-04,3.283,0.08968027034052511,3.462,3.26,0.00935779739022441,600377
139,2004-08-05,3.381,0.08292175721341305,3.421,3.346,0.0027669238324801097,600377
140,2004-08-06,3.352,0.08526124252664413,3.398,3.329,0.0012223158505437954,600377
141,2004-08-09,3.329,0.08448141408890042,3.381,3.329,0.001700721044628299,600377
142,2004-08-10,3.341,0.0874707564335846,3.393,3.341,0.0017691084944928947,600377
143,2004-08-11,3.375,0.07928255783727578,3.387,3.312,0.0018246250050237413,600377
144,2004-08-12,3.306,0.0657655315830517,3.306,3.11,0.011022223656090024,600377
145,2004-08-13,3.197,0.06277618923836753,3.254,3.168,0.004140579066736021,600377
146,2004-08-16,3.185,0.053808162204315,3.197,3.116,0.0026874330805093448,600377
147,2004-08-17,3.122,0.05757733298674289,3.151,3.099,0.0035473832993994617,600377
148,2004-08-18,3.145,0.061216532362880105,3.185,3.128,0.0033907939272748958,600377
149,2004-08-19,3.197,0.06056667533142707,3.214,3.116,0.005401306626853973,600377
150,2004-08-20,3.174,0.05081881985963088,3.174,3.03,0.005549703476738143,600377
151,2004-08-23,3.139,0.058227190018195984,3.202,3.128,0.0031484265186694934,600377
152,2004-08-24,3.156,0.07174421627242,3.272,3.156,0.01074183617011059,600377
153,2004-08-25,3.249,0.06420587470756434,3.26,3.202,0.00412439513068232,600377
154,2004-08-26,3.208,0.06420587470756434,3.237,3.197,0.002088077044511402,600377
155,2004-08-27,3.226,0.056017676111255466,3.226,3.11,0.003957591567392402,600377
156,2004-08-30,3.156,0.05224850532882763,3.168,3.082,0.004743597393037811,600377
157,2004-08-31,3.226,0.06732518845853908,3.243,3.168,0.010079279164736157,600377
158,2004-09-01,3.226,0.05978684689368341,3.226,3.168,0.0020883416608628363,600377
159,2004-09-02,3.156,0.06732518845853908,3.237,3.145,0.0037944714637144464,600377
160,2004-09-03,3.202,0.0657655315830517,3.243,3.197,0.0028682083871549757,600377
161,2004-09-06,3.202,0.07395373017936052,3.277,3.202,0.010725080662737791,600377
162,2004-09-07,3.272,0.05458799064205877,3.283,3.11,0.019939233712749787,600377
163,2004-09-08,3.122,0.05003899142188717,3.139,3.076,0.01077460625907217,600377
164,2004-09-09,3.093,0.04561996360800624,3.093,3.041,0.007722097875470464,600377
165,2004-09-10,3.053,0.04704964907720299,3.076,3.041,0.0025318386658661706,600377
166,2004-09-13,3.07,0.035092279698466344,3.076,2.972,0.004771985435219646,600377
167,2004-09-14,2.984,0.04704964907720299,3.076,2.984,0.008106765373222998,600377
168,2004-09-15,3.076,0.06654536002079542,3.283,3.076,0.03427324743823058,600377
169,2004-09-16,3.22,0.07031453080322331,3.277,3.208,0.01856110116982761,600377
170,2004-09-17,3.243,0.0837015856511567,3.364,3.208,0.030349971319292134,600377
171,2004-09-20,3.387,0.09942812581232124,3.502,3.329,0.03907293291311833,600377
172,2004-09-21,3.49,0.0942292695606966,3.502,3.375,0.024234062943063694,600377
173,2004-09-22,3.41,0.07993241486872887,3.444,3.318,0.017479878757868408,600377
174,2004-09-23,3.295,0.09046009877826877,3.416,3.289,0.012902142893909408,600377
175,2004-09-24,3.433,0.08227190018195996,3.485,3.341,0.037328666601698056,600377
176,2004-09-27,3.37,0.07174421627242,3.393,3.22,0.017129018645175076,600377
177,2004-09-28,3.283,0.07174421627242,3.295,3.226,0.005585934747576481,600377
178,2004-09-29,3.254,0.07174421627242,3.283,3.237,0.0038383236854740827,600377
179,2004-09-30,3.295,0.06498570314530805,3.295,3.197,0.008264116840439694,600377
180,2004-10-08,3.202,0.06797504548999217,3.231,3.11,0.006019037622295489,600377
181,2004-10-11,3.243,0.07551338705484795,3.346,3.22,0.01343757820405496,600377
182,2004-10-12,3.283,0.08604107096438784,3.37,3.254,0.01728975720169013,600377
183,2004-10-13,3.37,0.09201975565375614,3.433,3.329,0.02046796893687703,600377
184,2004-10-14,3.467,0.06199636080062387,3.467,3.185,0.02622558677326387,600377
185,2004-10-15,3.191,0.05224850532882763,3.22,3.047,0.008889267678375421,600377
186,2004-10-18,3.168,0.05081881985963088,3.197,3.082,0.0052606154051235594,600377
187,2004-10-19,3.139,0.04704964907720299,3.179,3.064,0.009768704245385134,600377
188,2004-10-20,3.07,0.05081881985963088,3.116,3.041,0.00858345585335021,600377
189,2004-10-21,3.11,0.043280478294775104,3.11,3.024,0.005465873016603862,600377
190,2004-10-22,3.041,0.05523784767351181,3.197,2.926,0.013544324440223425,600377
191,2004-10-25,3.133,0.053028333766571345,3.226,3.093,0.015120887492758904,600377
192,2004-10-26,3.11,0.05523784767351181,3.156,3.064,0.008518349646243395,600377
193,2004-10-27,3.168,0.07551338705484795,3.295,3.105,0.029201515184760586,600377
194,2004-10-28,3.214,0.08149207174421624,3.341,3.168,0.025787583203716304,600377
195,2004-10-29,3.249,0.08227190018195996,3.375,3.185,0.03470152371069943,600377
196,2004-11-01,3.335,0.08448141408890042,3.37,3.277,0.018933892685727788,600377
197,2004-11-02,3.341,0.0769430725240447,3.341,3.26,0.013140107086426949,600377
198,2004-11-03,3.277,0.09344944112295295,3.439,3.277,0.025870799753915263,600377
199,2004-11-04,3.444,0.07993241486872887,3.45,3.318,0.0172295940280281,600377
200,2004-11-05,3.323,0.08825058487132831,3.421,3.323,0.015043862965183506,600377
201,2004-11-08,3.387,0.08968027034052511,3.421,3.346,0.007600935340475878,600377
202,2004-11-09,3.393,0.10098778268780867,3.485,3.375,0.018736414794979644,600377
203,2004-11-10,3.485,0.10540681050168965,3.583,3.462,0.0872401159150869,600377
204,2004-11-11,3.502,0.09942812581232124,3.554,3.462,0.036337636026961606,600377
205,2004-11-12,3.485,0.1047569534702365,3.531,3.467,0.016045594625171945,600377
206,2004-11-15,3.502,0.10774629581492068,3.542,3.49,0.010884040997371206,600377
207,2004-11-16,3.537,0.11138549519105795,3.629,3.519,0.014559308087091676,600377
208,2004-11-17,3.565,0.10696646737717702,3.565,3.485,0.015255185583438672,600377
209,2004-11-18,3.514,0.11138549519105795,3.623,3.49,0.0069221626450855726,600377
210,2004-11-19,3.594,0.11138549519105795,3.594,3.525,0.00806283905888496,600377
211,2004-11-22,3.571,0.10995580972186114,3.594,3.525,0.009788624564321086,600377
212,2004-11-23,3.542,0.10098778268780867,3.542,3.462,0.017441541140872655,600377
213,2004-11-24,3.467,0.0874707564335846,3.473,3.375,0.015278461237710804,600377
214,2004-11-25,3.375,0.09201975565375614,3.433,3.37,0.0046959664497796955,600377
215,2004-11-26,3.421,0.09500909799844032,3.473,3.41,0.010120030082856987,600377
216,2004-11-29,3.421,0.09500909799844032,3.485,3.387,0.013006168873985131,600377
217,2004-11-30,3.421,0.09643878346763712,3.525,3.421,0.010382423656938915,600377
218,2004-12-01,3.427,0.08604107096438784,3.467,3.358,0.006853552917485772,600377
219,2004-12-02,3.37,0.07772290096178841,3.37,3.295,0.008865685069135626,600377
220,2004-12-03,3.312,0.07772290096178841,3.341,3.283,0.007722553015594932,600377
221,2004-12-06,3.312,0.0837015856511567,3.352,3.283,0.008797710420779268,600377
222,2004-12-07,3.358,0.0769430725240447,3.364,3.3,0.0010679810097334467,600377
223,2004-12-08,3.341,0.0762932154925916,3.364,3.249,0.0030994936629623235,600377
224,2004-12-09,3.3,0.07850272939953207,3.346,3.26,0.002844985656153131,600377
225,2004-12-10,3.312,0.07174421627242,3.335,3.254,0.0026207497599479842,600377
226,2004-12-13,3.197,0.07096438783467635,3.26,3.185,0.004498467389723438,600377
227,2004-12-14,3.249,0.07096438783467635,3.266,2.995,0.026627496672475843,600377
228,2004-12-15,3.254,0.06797504548999217,3.26,3.185,0.006802841839896967,600377
229,2004-12-16,3.226,0.07551338705484795,3.318,3.191,0.006549244113336707,600377
230,2004-12-17,3.283,0.06199636080062387,3.335,3.122,0.036335370910993335,600377
231,2004-12-20,3.168,0.05159864829737454,3.168,3.076,0.002824398504011568,600377
232,2004-12-21,3.11,0.053808162204315,3.133,3.105,0.0008339648931793009,600377
233,2004-12-22,3.128,0.06498570314530805,3.214,3.128,0.0024365661946958834,600377
234,2004-12-23,3.214,0.058227190018195984,3.231,3.156,0.0009075176542238873,600377
235,2004-12-24,3.139,0.056797504548999234,3.191,3.133,0.0005990808349924514,600377
236,2004-12-27,3.151,0.06277618923836753,3.226,3.145,0.0043523991637318855,600377
237,2004-12-28,3.179,0.061216532362880105,3.214,3.053,0.006851435986674301,600377
238,2004-12-29,3.145,0.06654536002079542,3.226,3.139,0.007699203268744398,600377
239,2004-12-30,3.214,0.06797504548999217,3.272,3.197,0.003984868220898217,600377
240,2004-12-31,3.226,0.06056667533142707,3.231,3.122,0.0029150031427425597,600377
241,2005-01-04,3.139,0.04406030673251887,3.139,2.995,0.006148265663681783,600377
242,2005-01-05,3.053,0.04484013517026253,3.07,3.012,0.002348512457592716,600377
243,2005-01-06,3.064,0.043280478294775104,3.064,3.03,0.0006662933882566799,600377
244,2005-01-07,3.035,0.04250064985703145,3.076,3.024,0.002195257251496218,600377
245,2005-01-10,3.064,0.03951130751234727,3.064,2.989,0.008977903571451744,600377
246,2005-01-11,3.024,0.04704964907720299,3.07,3.024,0.0022504879763675157,600377
247,2005-01-12,3.093,0.05081881985963088,3.122,3.053,0.003793529429503341,600377
248,2005-01-13,3.082,0.05081881985963088,3.116,3.082,0.0012476025890868258,600377
249,2005-01-14,3.087,0.05081881985963088,3.11,3.076,0.0040533403479952705,600377
250,2005-01-17,3.093,0.04561996360800624,3.093,3.024,0.004013690233896404,600377
251,2005-01-18,3.093,0.05458799064205877,3.139,3.059,0.003673107820292769,600377
252,2005-01-19,3.128,0.05159864829737454,3.128,3.082,0.001185364823229556,600377
253,2005-01-20,3.024,0.04484013517026253,3.076,2.966,0.006221119837558584,600377
254,2005-01-21,3.024,0.04925916298414351,3.11,2.949,0.010056998467945416,600377
255,2005-01-24,3.133,0.053028333766571345,3.191,3.082,0.010576821413356367,600377
256,2005-01-25,3.116,0.05757733298674289,3.156,3.087,0.0052351698967696685,600377
257,2005-01-26,3.139,0.05224850532882763,3.145,3.093,0.0029737479727609006,600377
258,2005-01-27,3.11,0.04561996360800624,3.122,3.053,0.00233919796202224,600377
259,2005-01-28,3.053,0.04860930595269036,3.174,3.024,0.004513973907917468,600377
260,2005-01-31,3.064,0.04107096438783464,3.064,2.995,0.00376664440819765,600377
261,2005-02-01,3.018,0.03951130751234727,3.053,2.978,0.003463288222913746,600377
262,2005-02-02,2.978,0.053808162204315,3.122,2.978,0.008573823818158013,600377
263,2005-02-03,3.139,0.04860930595269036,3.139,3.07,0.006755030957519876,600377
264,2005-02-04,3.053,0.056017676111255466,3.139,3.047,0.008762505861384492,600377
265,2005-02-16,3.145,0.07395373017936052,3.352,3.145,0.023958830183610197,600377
266,2005-02-17,3.272,0.0769430725240447,3.312,3.237,0.010895101960861145,600377
267,2005-02-18,3.26,0.06732518845853908,3.295,3.226,0.0034343921173371557,600377
268,2005-02-21,3.226,0.0769430725240447,3.306,3.214,0.003725258410833376,600377
269,2005-02-22,3.306,0.08448141408890042,3.375,3.272,0.011459443961237345,600377
270,2005-02-23,3.335,0.08227190018195996,3.352,3.289,0.012189255858492233,600377
271,2005-02-24,3.341,0.08227190018195996,3.358,3.312,0.008405062093867485,600377
272,2005-02-25,3.346,0.08669092799584088,3.41,3.318,0.016764165619817917,600377
273,2005-02-28,3.341,0.08071224330647259,3.358,3.3,0.0041639923215108995,600377
274,2005-03-01,3.312,0.07395373017936052,3.318,3.266,0.0019602673467687946,600377
275,2005-03-02,3.283,0.07473355861710423,3.364,3.272,0.009625673815108045,600377
276,2005-03-03,3.289,0.0874707564335846,3.387,3.283,0.007648725053544853,600377
277,2005-03-04,3.37,0.09565895502989341,3.467,3.341,0.023398806722089396,600377
278,2005-03-07,3.439,0.09500909799844032,3.485,3.404,0.007521709204856548,600377
279,2005-03-08,3.456,0.10839615284637377,3.542,3.427,0.018603270431592128,600377
280,2005-03-09,3.56,0.10696646737717702,3.56,3.496,0.021350295114444404,600377
281,2005-03-10,3.531,0.09201975565375614,3.531,3.398,0.012513103934031185,600377
282,2005-03-11,3.398,0.09266961268520924,3.45,3.387,0.007428691265000478,600377
283,2005-03-14,3.421,0.10098778268780867,3.519,3.387,0.01118598942366548,600377
284,2005-03-15,3.485,0.09344944112295295,3.502,3.398,0.024363746124574457,600377
285,2005-03-16,3.427,0.09344944112295295,3.439,3.375,0.00944788338090659,600377
286,2005-03-17,3.421,0.09201975565375614,3.427,3.341,0.01742845850845776,600377
287,2005-03-18,3.398,0.08448141408890042,3.427,3.323,0.09270226313346257,600377
288,2005-03-21,3.335,0.10397712503249285,3.508,3.335,0.0613930787095304,600377
289,2005-03-22,3.462,0.1278918637899662,3.79,3.462,0.06008182001094262,600377
290,2005-03-23,3.675,0.11970366519365738,3.686,3.583,0.026113749318493817,600377
291,2005-03-24,3.623,0.12347283597608522,3.669,3.571,0.01718287336501892,600377
292,2005-03-25,3.646,0.1167143228489732,3.658,3.594,0.0055609867179632864,600377
293,2005-03-28,3.606,0.12191317910059785,3.658,3.577,0.009356304954002321,600377
294,2005-03-29,3.634,0.12269300753834156,3.727,3.623,0.040219261532184344,600377
295,2005-03-30,3.64,0.09799844034312455,3.64,3.398,0.018436350437107576,600377
296,2005-03-31,3.456,0.1047569534702365,3.565,3.416,0.01583068380919133,600377
297,2005-04-01,3.514,0.12347283597608522,3.663,3.462,0.019958095566279997,600377
298,2005-04-04,3.646,0.11073563815960485,3.646,3.525,0.012585534721745692,600377
299,2005-04-05,3.554,0.10995580972186114,3.554,3.473,0.00592590325124479,600377
300,2005-04-06,3.542,0.11892383675591373,3.64,3.502,0.0245681993023464,600377
301,2005-04-07,3.629,0.11814400831817001,3.744,3.606,0.04444981015840791,600377
302,2005-04-08,3.617,0.1286716922277099,3.715,3.565,0.013342030531879183,600377
303,2005-04-11,3.698,0.1316610345723941,3.732,3.646,0.016649046922290085,600377
304,2005-04-12,3.715,0.11970366519365738,3.715,3.611,0.008373085853960203,600377
305,2005-04-13,3.715,0.1278918637899662,3.738,3.634,0.007692354997569286,600377
306,2005-04-14,3.692,0.11593449441122955,3.727,3.594,0.011368056058106108,600377
307,2005-04-15,3.588,0.11892383675591373,3.652,3.531,0.005455542394243878,600377
308,2005-04-18,3.6,0.10163763971926176,3.611,3.456,0.011016497358244993,600377
309,2005-04-19,3.49,0.10397712503249285,3.548,3.456,0.011685796788253962,600377
310,2005-04-20,3.531,0.09565895502989341,3.531,3.433,0.019302164554345472,600377
311,2005-04-21,3.433,0.10319729659474913,3.514,3.421,0.014834244476231573,600377
312,2005-04-22,3.508,0.10995580972186114,3.554,3.485,0.00958999294628069,600377
313,2005-04-25,3.537,0.10020795425006496,3.537,3.456,0.007997245957691508,600377
314,2005-04-26,3.462,0.11892383675591373,3.663,3.462,0.01062128754505133,600377
315,2005-04-27,3.617,0.11515466597348578,3.623,3.577,0.003868807489159276,600377
316,2005-04-28,3.594,0.12945152066545362,3.721,3.542,0.01610060307230804,600377
317,2005-04-29,3.692,0.1384195476995061,3.819,3.629,0.03431155330126416,600377
318,2005-05-09,3.773,0.1167143228489732,3.813,3.565,0.03950746471613508,600377
319,2005-05-10,3.577,0.1278918637899662,3.698,3.571,0.009867406144470006,600377
320,2005-05-11,3.698,0.12191317910059785,3.698,3.606,0.003491750357673984,600377
321,2005-05-12,3.629,0.12269300753834156,3.658,3.542,0.02152010471948661,600377
322,2005-05-13,3.652,0.12711203535222249,3.715,3.617,0.006393363913033984,600377
323,2005-05-16,3.686,0.12568234988302568,3.686,3.583,0.004383094660498226,600377
324,2005-05-17,3.663,0.12347283597608522,3.681,3.606,0.003430496964644049,600377
325,2005-05-19,3.629,0.1173641798804263,3.629,3.514,0.009042374699315117,600377
326,2005-05-20,3.577,0.11814400831817001,3.629,3.577,0.006917590074532793,600377
327,2005-05-23,3.64,0.12269300753834156,3.715,3.606,0.0207361099781121,600377
328,2005-05-24,3.658,0.12490252144528202,3.732,3.606,0.01356497510028933,600377
329,2005-05-25,3.658,0.12412269300753831,3.675,3.629,0.002267010621351053,600377
330,2005-05-26,3.629,0.11970366519365738,3.663,3.467,0.012230451332083475,600377
331,2005-05-27,3.583,0.11593449441122955,3.617,3.49,0.012978098371425014,600377
332,2005-05-30,3.571,0.12490252144528202,3.744,3.531,0.01791135159586258,600377
333,2005-05-31,3.715,0.12412269300753831,3.715,3.623,0.002642956364160323,600377
334,2005-06-01,3.571,0.11892383675591373,3.675,3.571,0.001261701348291228,600377
335,2005-06-02,3.629,0.10618663893943331,3.646,3.444,0.021405229469002095,600377
336,2005-06-03,3.625,0.0969586690927996,3.625,3.449,0.005986108763523047,600377
337,2005-06-06,3.431,0.11151546659734857,3.572,3.431,0.005767429810698013,600377
338,2005-06-07,3.561,0.10618663893943331,3.602,3.525,0.007384891966511127,600377
339,2005-06-08,3.525,0.14374837535742135,3.832,3.525,0.017508510247093562,600377
340,2005-06-09,3.773,0.14062906160644656,3.879,3.749,0.01720105780068946,600377
341,2005-06-10,3.79,0.1345204055107876,3.879,3.708,0.019293696831099584,600377
342,2005-06-13,3.743,0.13685989082401873,3.79,3.667,0.005142215464837943,600377
343,2005-06-14,3.79,0.136080062386275,3.79,3.708,0.005170592922365722,600377
344,2005-06-15,3.761,0.13153106316610347,3.767,3.684,0.007121344665136951,600377
345,2005-06-16,3.726,0.13374057707304393,3.743,3.631,0.007181730116534182,600377
346,2005-06-17,3.743,0.1353002339485313,3.82,3.702,0.0028864245767876904,600377
347,2005-06-20,3.726,0.1590850012997141,3.979,3.702,0.029127560206861823,600377
348,2005-06-21,3.932,0.14751754613984924,3.932,3.843,0.013879762711955183,600377
349,2005-06-22,3.838,0.15141668832856775,3.891,3.826,0.007608767984478324,600377
350,2005-06-23,3.879,0.14374837535742135,3.891,3.808,0.003580989576031576,600377
351,2005-06-24,3.814,0.15141668832856775,3.879,3.761,0.008312287601054735,600377
352,2005-06-27,3.885,0.15219651676631135,3.961,3.867,0.01816619831160161,600377
353,2005-06-28,3.938,0.14608786067065244,3.938,3.808,0.005650077751164077,600377
354,2005-06-29,3.832,0.14374837535742135,3.92,3.761,0.013952405192750835,600377
355,2005-06-30,3.773,0.1384195476995061,3.796,3.743,0.013714007029416943,600377
356,2005-07-01,3.731,0.1384195476995061,3.779,3.726,0.014026243739454972,600377
357,2005-07-04,3.72,0.1345204055107876,3.749,3.667,0.01077605635667803,600377
358,2005-07-05,3.731,0.13075123472835976,3.743,3.678,0.001194986273767695,600377
359,2005-07-06,3.714,0.12152326488172599,3.731,3.637,0.005818045626400302,600377
360,2005-07-07,3.625,0.12464257863270078,3.69,3.625,0.007646661046003667,600377
361,2005-07-08,3.566,0.1177540940992981,3.667,3.566,0.02900738204469457,600377
362,2005-07-11,3.614,0.11918377956849491,3.761,3.614,0.013014880044274337,600377
363,2005-07-12,3.596,0.13153106316610347,3.743,3.572,0.007358218638286583,600377
364,2005-07-13,3.72,0.12763192097738496,3.72,3.661,0.0013431925998788337,600377
365,2005-07-14,3.625,0.12074343644398233,3.749,3.619,0.0059168110334095175,600377
366,2005-07-15,3.631,0.12919157785287233,3.714,3.496,0.07338970444883278,600377
367,2005-07-18,3.737,0.12074343644398233,3.773,3.619,0.016564422613101502,600377
368,2005-07-19,3.625,0.12152326488172599,3.69,3.59,0.020171683300503444,600377
369,2005-07-20,3.602,0.11996360800623856,3.655,3.602,0.001789854416445318,600377
370,2005-07-21,3.631,0.1268520925396413,3.69,3.614,0.0026111600633720172,600377
371,2005-07-22,3.684,0.13075123472835976,3.737,3.684,0.0310829903667264,600377
372,2005-07-25,3.702,0.14218871848193398,3.82,3.673,0.01872573487903577,600377
373,2005-07-26,3.796,0.15375617364179878,3.897,3.773,0.027112993584778776,600377
374,2005-07-27,3.867,0.1545360020795425,3.902,3.849,0.020533678469265116,600377
375,2005-07-28,3.891,0.14751754613984924,3.932,3.796,0.016175447161147626,600377
376,2005-07-29,3.82,0.14530803223290878,3.843,3.773,0.005433685083615433,600377
377,2005-08-01,3.843,0.14751754613984924,3.891,3.826,0.003767311241403262,600377
378,2005-08-02,3.849,0.15518585911099564,3.938,3.796,0.005931110901041011,600377
379,2005-08-03,3.92,0.144528203795165,3.926,3.802,0.016927476247268907,600377
380,2005-08-04,3.82,0.14218871848193398,3.82,3.779,0.0047535575525057844,600377
381,2005-08-05,3.802,0.15219651676631135,3.891,3.779,0.00953516443826357,600377
382,2005-08-08,3.897,0.15375617364179878,3.938,3.796,0.01393680341267029,600377
383,2005-08-09,3.861,0.16207434364439827,3.973,3.808,0.016103333913054838,600377
384,2005-08-10,3.955,0.16909279958409157,4.026,3.914,0.015713405842235795,600377
385,2005-08-11,4.009,0.1974265661554458,4.315,3.997,0.05050531191393101,600377
386,2005-08-12,4.227,0.19664673771770208,4.303,4.121,0.03171229038905261,600377
387,2005-08-15,4.221,0.20119573693787368,4.297,4.162,0.012202962985496515,600377
388,2005-08-16,4.256,0.20431505068884853,4.28,4.227,0.010501077628921905,600377
389,2005-08-17,4.244,0.19274759552898363,4.256,4.115,0.01783028373043727,600377
390,2005-08-18,4.191,0.17819079802443455,4.256,4.079,0.019951268464413002,600377
391,2005-08-19,4.067,0.17130231349103192,4.138,3.979,0.01893946021376196,600377
392,2005-08-22,4.02,0.1813101117754094,4.109,3.991,0.007744791373769442,600377
393,2005-08-23,4.103,0.17819079802443455,4.103,4.02,0.001526402376957657,600377
394,2005-08-24,4.056,0.185859110995581,4.144,4.056,0.009282222960254867,600377
395,2005-08-25,4.138,0.18507928255783718,4.227,4.091,0.005406101475141955,600377
396,2005-08-26,4.126,0.17741096958669095,4.144,4.073,0.0030187433371587336,600377
397,2005-08-29,4.038,0.17663114114894723,4.103,4.003,0.004014759283956197,600377
398,2005-08-30,4.009,0.17130231349103192,4.067,4.003,0.00574331796875535,600377
399,2005-08-31,4.009,0.17897062646217826,4.103,4.003,0.006938484181642019,600377
400,2005-09-01,4.091,0.18897842474655574,4.185,4.062,0.0047727369456577184,600377
401,2005-09-02,4.174,0.19196776709123992,4.209,4.132,0.009271341935883902,600377
402,2005-09-05,4.162,0.19508708084221466,4.227,4.156,0.004406444407348761,600377
403,2005-09-06,4.197,0.18897842474655574,4.244,4.156,0.009101733439268784,600377
404,2005-09-07,4.126,0.1911879386534962,4.197,4.126,0.01210684374200164,600377
405,2005-09-08,4.215,0.20574473615804528,4.321,4.185,0.01607959253400418,600377
406,2005-09-12,4.244,0.21042370678450745,4.421,4.203,0.009891951957229021,600377
407,2005-09-13,4.327,0.20964387834676362,4.327,4.238,0.010846613660624385,600377
408,2005-09-14,4.303,0.21042370678450745,4.345,4.274,0.004403205503207209,600377
409,2005-09-15,4.327,0.20119573693787368,4.327,4.244,0.00826690060445678,600377
410,2005-09-16,4.256,0.20119573693787368,4.303,4.209,0.015376136425352111,600377
411,2005-09-19,4.256,0.20574473615804528,4.297,4.209,0.007863096052168542,600377
412,2005-09-20,4.28,0.20197556537561728,4.297,4.215,0.011226528648705164,600377
413,2005-09-21,4.233,0.1866389394333247,4.244,4.126,0.013589743190783552,600377
414,2005-09-22,4.144,0.18286976865089682,4.179,4.026,0.00833009098917921,600377
415,2005-09-23,4.126,0.17975045489992209,4.15,4.032,0.0029933189981129573,600377
416,2005-09-26,4.056,0.18364959708864054,4.121,4.056,0.0013513427835029996,600377
417,2005-09-27,4.115,0.18364959708864054,4.126,4.085,0.008010445021301034,600377
418,2005-09-28,4.067,0.17364179880426295,4.121,4.02,0.0036580458575691476,600377
419,2005-09-29,4.014,0.1820899402131531,4.115,4.014,0.0020719248624198727,600377
420,2005-09-30,4.103,0.19053808162204317,4.179,4.091,0.005387578330541577,600377
421,2005-10-10,4.156,0.17286197036651935,4.168,4.009,0.0035744270905160133,600377
422,2005-10-11,4.044,0.1759812841174942,4.067,4.009,0.0028068809015466393,600377
423,2005-10-12,4.062,0.1820899402131531,4.115,4.009,0.0055526989338363746,600377
424,2005-10-13,4.038,0.16753314270860403,4.085,3.985,0.0036972090775813757,600377
425,2005-10-14,3.997,0.14374837535742135,3.997,3.773,0.011793262780898327,600377
426,2005-10-17,3.802,0.15830517286197038,3.979,3.79,0.01994979719749903,600377
427,2005-10-18,3.914,0.14062906160644656,3.914,3.767,0.013502832596318577,600377
428,2005-10-19,3.802,0.1345204055107876,3.826,3.702,0.015303811484178179,600377
429,2005-10-20,3.761,0.1391993761372498,3.802,3.702,0.002839100588497239,600377
430,2005-10-21,3.779,0.13296074863530022,3.802,3.684,0.003593341867316513,600377
431,2005-10-24,3.749,0.13763971926176238,3.773,3.714,0.0032836454742522516,600377
432,2005-10-25,3.731,0.13231089160384712,3.767,3.708,0.002872664526513124,600377
433,2005-10-26,3.726,0.13374057707304393,3.773,3.619,0.008094190804202856,600377
434,2005-10-27,3.661,0.13763971926176238,3.773,3.631,0.00246627731863489,600377
435,2005-10-28,3.743,0.13231089160384712,3.749,3.649,0.0030250835449390913,600377
436,2005-10-31,3.714,0.1384195476995061,3.79,3.684,0.00518646990345176,600377
437,2005-11-01,3.773,0.1345204055107876,3.796,3.714,0.0021882607951643034,600377
438,2005-11-02,3.726,0.1384195476995061,3.82,3.726,0.002346681312440793,600377
439,2005-11-03,3.779,0.13296074863530022,3.785,3.714,0.0019888459127236635,600377
440,2005-11-04,3.737,0.13997920457499352,3.802,3.649,0.0012778323610746429,600377
441,2005-11-07,3.743,0.13075123472835976,3.743,3.696,0.0015093610839253093,600377
442,2005-11-08,3.714,0.1299714062906161,3.743,3.69,0.0007219686685983871,600377
443,2005-11-09,3.702,0.13231089160384712,3.743,3.655,0.0032433391116018294,600377
444,2005-11-10,3.696,0.1223030933194697,3.72,3.608,0.005598985626029205,600377
445,2005-11-11,3.643,0.11463478034832336,3.643,3.484,0.022775412936727194,600377
446,2005-11-14,3.826,0.10540681050168965,3.826,3.484,0.01705527536035746,600377
447,2005-11-15,3.496,0.10319729659474913,3.59,3.449,0.011867503544456641,600377
448,2005-11-16,3.466,0.1000779828437744,3.478,3.413,0.002875056658330087,600377
449,2005-11-17,3.437,0.10774629581492068,3.566,3.437,0.003659368939326318,600377
450,2005-11-18,3.555,0.12308292175721336,3.661,3.543,0.014177995924675325,600377
451,2005-11-21,3.655,0.12386275019495713,3.667,3.619,0.006782095917944543,600377
452,2005-11-22,3.661,0.10618663893943331,3.661,3.454,0.022683178261271367,600377
453,2005-11-23,3.484,0.10774629581492068,3.549,3.46,0.006256578428650737,600377
454,2005-11-24,3.525,0.10618663893943331,3.537,3.507,0.012065119035707532,600377
455,2005-11-25,3.502,0.10852612425266445,3.549,3.484,0.003928663707853641,600377
456,2005-11-28,3.572,0.10462698206394588,3.572,3.472,0.00919636024654157,600377
457,2005-11-29,3.49,0.10852612425266445,3.549,3.484,0.0019509422665442617,600377
458,2005-11-30,3.531,0.11307512347283594,3.619,3.478,0.009101384145684892,600377
459,2005-12-01,3.543,0.10852612425266445,3.578,3.525,0.0,600377
460,2005-12-02,3.525,0.1093059526904081,3.561,3.46,0.0011314783494235422,600377
461,2005-12-05,3.507,0.10852612425266445,3.561,3.46,0.0034802236694055195,600377
462,2005-12-06,3.507,0.10696646737717702,3.531,3.454,0.005355019934661141,600377
463,2005-12-07,3.49,0.10774629581492068,3.543,3.49,0.001907883893838926,600377
464,2005-12-08,3.537,0.11541460878606707,3.608,3.525,0.02159791251146225,600377
465,2005-12-09,3.555,0.12074343644398233,3.643,3.555,0.003012900608119071,600377
466,2005-12-12,3.596,0.11996360800623856,3.637,3.572,0.0002920729440587591,600377
467,2005-12-13,3.625,0.11840395113075125,3.631,3.584,0.002199469943811046,600377
468,2005-12-14,3.596,0.1177540940992981,3.614,3.549,0.0017909128818510535,600377
469,2005-12-15,3.608,0.12308292175721336,3.667,3.602,0.008808549106534003,600377
470,2005-12-16,3.649,0.1254224070704445,3.684,3.602,0.007937432077613372,600377
471,2005-12-19,3.655,0.1254224070704445,3.678,3.602,0.004155524598265013,600377
472,2005-12-20,3.655,0.1254224070704445,3.678,3.619,0.001580362943342072,600377
473,2005-12-21,3.673,0.1254224070704445,3.678,3.631,0.003097514332653597,600377
474,2005-12-22,3.655,0.12607226410189754,3.678,3.643,0.003587636738779597,600377
475,2005-12-23,3.684,0.13296074863530022,3.773,3.684,0.003463076529832599,600377
476,2005-12-26,3.731,0.13763971926176238,3.779,3.69,0.01078952003663899,600377
477,2005-12-27,3.737,0.1353002339485313,3.773,3.737,0.005391039512418334,600377
478,2005-12-28,3.773,0.13685989082401873,3.838,3.749,0.008916629009113695,600377
479,2005-12-29,3.779,0.14218871848193398,3.814,3.773,0.018060097739330646,600377
480,2005-12-30,3.82,0.13685989082401873,3.849,3.743,0.017106303977567985,600377
481,2006-01-04,3.755,0.14530803223290878,3.843,3.749,0.00787055823327898,600377
482,2006-01-05,3.814,0.1490772030153366,3.867,3.814,0.014030382339191398,600377
483,2006-01-06,3.849,0.1606446581752014,3.991,3.832,0.01194946052082277,600377
484,2006-01-09,3.932,0.1598648297374578,3.938,3.879,0.012131516570609343,600377
485,2006-01-10,3.932,0.15518585911099564,3.932,3.879,0.010197022856470218,600377
486,2006-01-11,3.902,0.14608786067065244,3.908,3.796,0.011221839646957754,600377
487,2006-01-12,3.814,0.14751754613984924,3.843,3.743,0.012916781470470736,600377
488,2006-01-13,3.849,0.14218871848193398,3.849,3.802,0.007723336279995175,600377
489,2006-01-16,3.796,0.12841174941512867,3.796,3.696,0.009950601525360845,600377
490,2006-01-17,3.684,0.1384195476995061,3.785,3.661,0.019701978692054086,600377
491,2006-01-18,3.773,0.14218871848193398,3.814,3.731,0.01739883206175121,600377
492,2006-01-19,3.808,0.14296854691967764,3.832,3.755,0.009652347143332591,600377
493,2006-01-20,3.82,0.1391993761372498,3.843,3.72,0.02355147977221274,600377
494,2006-01-23,3.779,0.12841174941512867,3.785,3.69,0.02862301091725564,600377
495,2006-01-24,3.696,0.13374057707304393,3.743,3.684,0.013429046972884731,600377
496,2006-01-25,3.731,0.13231089160384712,3.767,3.678,0.0130795522805648,600377
497,2006-02-06,3.714,0.1482973745775929,3.861,3.696,0.025209205952060047,600377
498,2006-02-07,3.861,0.144528203795165,3.908,3.802,0.03616842974720067,600377
499,2006-02-08,3.785,0.14608786067065244,3.832,3.785,0.006537918533495333,600377
500,2006-02-09,3.802,0.144528203795165,3.879,3.802,0.027194262558631176,600377
501,2006-02-10,3.814,0.1482973745775929,3.879,3.802,0.016962956007669176,600377
502,2006-02-13,3.849,0.14608786067065244,3.879,3.802,0.028620184814622328,600377
503,2006-02-14,3.838,0.136080062386275,3.855,3.737,0.03335323989221901,600377
504,2006-02-15,3.755,0.136080062386275,3.767,3.72,0.0200205238559103,600377
505,2006-02-16,3.773,0.13296074863530022,3.814,3.702,0.027970297640154552,600377
506,2006-02-17,3.796,0.1391993761372498,3.843,3.731,0.055117394980306135,600377
507,2006-04-10,4.156,0.13685989082401873,4.156,3.696,0.152130798295985,600377
508,2006-04-11,3.761,0.13685989082401873,4.009,3.755,0.08498356293194452,600377
509,2006-04-12,3.761,0.12152326488172599,3.767,3.602,0.124424481928021,600377
510,2006-04-13,3.643,0.11385495191057965,3.69,3.578,0.05919512237124956,600377
511,2006-04-14,3.584,0.11918377956849491,3.649,3.584,0.04175108325201937,600377
512,2006-05-16,3.059,0.054068105016896295,3.301,3.024,0.3514484077658379,600377
513,2006-05-17,3.124,0.0463997920457499,3.171,3.006,0.17702755584492588,600377
514,2006-05-18,3.077,0.05484793345463995,3.154,3.054,0.12040577456810139,600377
515,2006-05-19,3.13,0.05874707564335846,3.177,3.101,0.16170526355476356,600377
516,2006-05-22,3.16,0.07252404471016377,3.289,3.136,0.172385994517001,600377
517,2006-05-23,3.266,0.05796724720561475,3.283,3.154,0.1227193153286886,600377
518,2006-05-24,3.148,0.0463997920457499,3.195,3.036,0.09606995076093025,600377
519,2006-05-25,3.065,0.06485573173901737,3.213,3.054,0.11642344666417695,600377
520,2006-05-26,3.272,0.07252404471016377,3.325,3.23,0.17396614576726194,600377
521,2006-05-29,3.272,0.07252404471016377,3.301,3.195,0.09860430857446208,600377
522,2006-05-30,3.266,0.06940473095918898,3.266,3.207,0.0939570421180003,600377
523,2006-05-31,3.242,0.05952690408110212,3.242,3.136,0.08643897403413947,600377
524,2006-06-01,3.16,0.06862490252144532,3.236,3.136,0.08357743397904063,600377
525,2006-06-02,3.236,0.06173641798804258,3.236,3.166,0.08760903344760208,600377
526,2006-06-06,3.248,0.07785287236807897,3.39,3.242,0.1526349982920073,600377
527,2006-06-07,3.331,0.050298934234468407,3.354,3.095,0.09301798219468548,600377
528,2006-06-08,3.065,0.05328827657915258,3.148,3.036,0.06229947439042421,600377
529,2006-06-09,3.113,0.04561996360800624,3.142,3.042,0.04862178330907807,600377
530,2006-06-12,3.054,0.04561996360800624,3.077,3.006,0.029261678358422614,600377
531,2006-06-13,3.059,0.04717962048349361,3.101,3.03,0.02443137147934692,600377
532,2006-06-14,3.077,0.04107096438783464,3.077,3.006,0.026682610966152508,600377
533,2006-06-15,3.054,0.04497010657655309,3.065,3.03,0.016955800781526403,600377
534,2006-06-16,3.09,0.05432804782947748,3.139,3.06,0.027536316239148786,600377
535,2006-06-19,3.126,0.056017676111255466,3.163,3.09,0.03257707779484694,600377
536,2006-06-20,3.151,0.05523784767351181,3.151,3.108,0.02416311400691722,600377
537,2006-06-21,3.133,0.05276839095399011,3.133,3.09,0.032397847847693687,600377
538,2006-06-22,3.114,0.05120873407850268,3.12,3.09,0.023661750698182302,600377
539,2006-06-23,3.096,0.05354821939173382,3.126,3.06,0.03202434715997166,600377
540,2006-06-26,3.12,0.05523784767351181,3.145,3.114,0.043251415626033754,600377
541,2006-06-27,3.133,0.05276839095399011,3.145,3.102,0.02411581118793488,600377
542,2006-06-28,3.114,0.050428905640759025,3.114,3.084,0.0299758037983645,600377
543,2006-06-29,3.096,0.05913698986223026,3.163,3.096,0.054672903017821406,600377
544,2006-06-30,3.181,0.05757733298674289,3.193,3.133,0.0414701347793749,600377
545,2006-07-03,3.151,0.06303613205094877,3.205,3.139,0.06901142580593064,600377
546,2006-07-04,3.199,0.06537561736417985,3.254,3.175,0.07596314080514437,600377
547,2006-07-05,3.211,0.06459578892643619,3.217,3.157,0.054201547203339105,600377
548,2006-07-06,3.199,0.07252404471016377,3.272,3.181,0.08886512492924291,600377
549,2006-07-07,3.326,0.07174421627242,3.326,3.248,0.08123221334885974,600377
550,2006-07-10,3.254,0.06771510267741099,3.278,3.193,0.03746571670243273,600377
551,2006-07-11,3.229,0.06615544580192356,3.242,3.193,0.031963665338260824,600377
552,2006-07-12,3.217,0.062256303613205055,3.236,3.181,0.0370724121269694,600377
553,2006-07-13,3.187,0.04730959188978423,3.211,3.066,0.06014935010382857,600377
554,2006-07-14,3.06,0.04497010657655309,3.06,3.005,0.04272083867210053,600377
555,2006-07-17,3.048,0.04964907720301531,3.09,3.042,0.01900549787042582,600377
556,2006-07-18,3.09,0.04730959188978423,3.102,3.042,0.019014420733796174,600377
557,2006-07-19,3.072,0.033922537041850775,3.072,2.963,0.03305479498641772,600377
558,2006-07-20,2.963,0.03626202235508186,3.005,2.945,0.01779866736876794,600377
559,2006-07-21,2.993,0.05120873407850268,3.12,2.993,0.032273816871449555,600377
560,2006-07-24,3.09,0.04730959188978423,3.102,3.03,0.017561835734234536,600377
561,2006-07-25,3.072,0.04808942032752789,3.09,3.054,0.012992207715283473,600377
562,2006-07-26,3.084,0.04574993501429686,3.09,3.03,0.013220349348835788,600377
563,2006-07-27,3.06,0.04016116454380031,3.072,2.999,0.01551897633185617,600377
564,2006-07-28,3.017,0.04652976345204052,3.072,2.975,0.020090435495959156,600377
565,2006-07-31,3.066,0.033922537041850775,3.066,2.963,0.012583830592442457,600377
566,2006-08-01,2.963,0.030023394853132324,2.993,2.933,0.014415187437446677,600377
567,2006-08-02,2.939,0.022095139069404746,2.969,2.854,0.017755217363862482,600377
568,2006-08-03,2.89,0.021315310631660978,2.908,2.848,0.008684698069408848,600377
569,2006-08-04,2.872,0.015076683129711443,2.902,2.805,0.014412414258083652,600377
570,2006-08-07,2.799,0.0,2.805,2.696,0.021542935818288332,600377
571,2006-08-08,2.702,0.007928255783727578,2.781,2.696,0.014028678209888163,600377
572,2006-08-09,2.769,0.0032492851572654136,2.769,2.714,0.010537774624538768,600377
573,2006-08-10,2.733,0.01026774109695866,2.799,2.733,0.014890099695692252,600377
574,2006-08-11,2.787,0.015856511567455156,2.878,2.757,0.019778823280510515,600377
575,2006-08-14,2.83,0.0032492851572654136,2.836,2.714,0.015008827760253645,600377
576,2006-08-15,2.733,0.007928255783727578,2.775,2.727,0.008552167615956658,600377
577,2006-08-16,2.763,0.011047569534702373,2.805,2.757,0.014146538332816854,600377
578,2006-08-17,2.793,0.01026774109695866,2.793,2.739,0.007462826774335461,600377
579,2006-08-18,2.781,0.01026774109695866,2.817,2.775,0.008856243557716461,600377
580,2006-08-21,2.708,0.007148427345983865,2.769,2.696,0.011138231464558676,600377
581,2006-08-22,2.757,0.007928255783727578,2.781,2.745,0.011428092215919448,600377
582,2006-08-23,2.793,0.008708084221471235,2.799,2.763,0.010290474767142637,600377
583,2006-08-24,2.775,0.009487912659214948,2.787,2.751,0.007828854696292986,600377
584,2006-08-25,2.781,0.007928255783727578,2.787,2.763,0.008023231283402323,600377
585,2006-08-28,2.775,0.013387054847933455,2.817,2.775,0.02452198670273197,600377
586,2006-08-29,2.817,0.012607226410189742,2.836,2.799,0.027039737194047796,600377
587,2006-08-30,2.817,0.01026774109695866,2.817,2.769,0.014761697257322433,600377
588,2006-08-31,2.793,0.012607226410189742,2.811,2.781,0.012738599404069156,600377
589,2006-09-01,2.805,0.00558877047049644,2.817,2.745,0.013966874414847246,600377
590,2006-09-05,2.775,0.01182739797244603,2.836,2.775,0.0209679774098926,600377
591,2006-09-06,2.799,0.022874967507148403,2.89,2.799,0.035337089848227594,600377
592,2006-09-07,2.884,0.018195996880686238,2.89,2.83,0.025732680603120787,600377
593,2006-09-08,2.848,0.014166883285677168,2.854,2.805,0.010916758163062501,600377
594,2006-09-11,2.817,0.015856511567455156,2.848,2.793,0.007746823627348454,600377
595,2006-09-12,2.83,0.01897582531842995,2.86,2.811,0.016304124800522936,600377
596,2006-09-13,2.86,0.019755653756173608,2.927,2.817,0.03486224109790636,600377
597,2006-09-14,2.86,0.018195996880686238,2.89,2.83,0.013652573697268033,600377
598,2006-09-15,2.848,0.02521445282037954,2.914,2.824,0.038716050132266366,600377
599,2006-09-18,2.969,0.027553938133610567,2.969,2.908,0.02279813818898834,600377
600,2006-09-19,2.939,0.024434624382635772,2.939,2.878,0.023640274435099924,600377
601,2006-09-20,2.896,0.021315310631660978,2.896,2.866,0.013586027977209418,600377
602,2006-09-21,2.872,0.02521445282037954,2.914,2.866,0.017191478688767553,600377
603,2006-09-22,2.908,0.016636340005198813,2.927,2.836,0.016020625426250636,600377
604,2006-09-25,2.836,0.011047569534702373,2.836,2.781,0.028158281096213246,600377
605,2006-09-26,2.793,0.011047569534702373,2.805,2.763,0.010883469426052107,600377
606,2006-09-27,2.793,0.013387054847933455,2.811,2.775,0.010809366262996539,600377
607,2006-09-28,2.805,0.01182739797244603,2.811,2.781,0.019976968004464267,600377
608,2006-09-29,2.811,0.015856511567455156,2.848,2.805,0.016537304729406548,600377
609,2006-10-09,2.842,0.018195996880686238,2.884,2.836,0.020607929817477486,600377
610,2006-10-10,2.86,0.019755653756173608,2.878,2.836,0.02082303115723113,600377
611,2006-10-11,2.86,0.017416168442942526,2.866,2.817,0.024985869751449775,600377
612,2006-10-12,2.842,0.024434624382635772,2.902,2.83,0.046517554082475134,600377
613,2006-10-13,2.908,0.03314270860410706,2.993,2.908,0.0902826218006044,600377
614,2006-10-16,2.963,0.0284637379776449,2.969,2.908,0.03423914368285776,600377
615,2006-10-17,2.914,0.02521445282037954,2.945,2.896,0.015946194138919286,600377
616,2006-10-18,2.902,0.027553938133610567,2.933,2.896,0.021358667575803774,600377
617,2006-10-19,2.92,0.023654795944892115,2.927,2.872,0.024903171849299636,600377
618,2006-10-20,2.89,0.017416168442942526,2.89,2.842,0.02720680537368915,600377
619,2006-10-23,2.83,0.015076683129711443,2.872,2.805,0.018189167010906077,600377
620,2006-10-24,2.817,0.02053548219391732,2.866,2.817,0.011832976402921537,600377
621,2006-10-25,2.872,0.022095139069404746,2.884,2.848,0.01597114216853248,600377
622,2006-10-26,2.878,0.021315310631660978,2.89,2.854,0.01457295170617161,600377
623,2006-10-27,2.866,0.015856511567455156,2.884,2.817,0.014972099010674611,600377
624,2006-10-30,2.83,0.021315310631660978,2.878,2.799,0.016183173958609496,600377
625,2006-10-31,2.872,0.027553938133610567,2.939,2.872,0.031970524194089994,600377
626,2006-11-01,2.939,0.033922537041850775,2.975,2.902,0.05627859503832274,600377
627,2006-11-02,2.981,0.030023394853132324,2.987,2.908,0.038208897017762075,600377
628,2006-11-03,2.945,0.03314270860410706,2.975,2.933,0.04099479913496702,600377
629,2006-11-06,2.957,0.04185079282557835,3.036,2.927,0.06338838126122906,600377
630,2006-11-07,3.042,0.04574993501429686,3.078,2.999,0.08415346143749615,600377
631,2006-11-08,3.066,0.03470236547959449,3.072,2.963,0.04544719152557878,600377
632,2006-11-09,2.969,0.035482193917338145,2.999,2.933,0.030704991201030003,600377
633,2006-11-10,2.981,0.02521445282037954,3.005,2.89,0.04054044227490085,600377
634,2006-11-13,2.902,0.015856511567455156,2.939,2.83,0.02533467644125598,600377
635,2006-11-14,2.848,0.022874967507148403,2.896,2.842,0.01545141448500805,600377
636,2006-11-15,2.908,0.025994281258123197,2.933,2.884,0.01572011651290816,600377
637,2006-11-16,2.908,0.021315310631660978,2.933,2.872,0.022000192873566235,600377
638,2006-11-17,2.872,0.033922537041850775,2.981,2.866,0.03474755637119488,600377
639,2006-11-20,2.981,0.03470236547959449,3.011,2.92,0.03445756860398542,600377
640,2006-11-21,2.975,0.033922537041850775,2.987,2.92,0.022380181954225416,600377
641,2006-11-22,2.969,0.04016116454380031,3.06,2.951,0.05098043586525773,600377
642,2006-11-23,2.999,0.03626202235508186,3.03,2.969,0.031165328390638593,600377
643,2006-11-24,2.969,0.042630621263322066,3.054,2.951,0.062200317351214875,600377
644,2006-11-27,3.036,0.04574993501429686,3.084,3.011,0.04052070189508387,600377
645,2006-11-28,3.048,0.04730959188978423,3.078,2.981,0.05832866259011417,600377
646,2006-11-29,3.054,0.04808942032752789,3.078,2.993,0.051602633584711455,600377
647,2006-11-30,3.078,0.04964907720301531,3.114,3.06,0.0735558623482252,600377
648,2006-12-01,3.09,0.0583571614244866,3.175,3.078,0.09755296664090679,600377
649,2006-12-04,3.151,0.05991681829997397,3.211,3.139,0.08137011022191902,600377
650,2006-12-05,3.187,0.0583571614244866,3.223,3.133,0.07796098367381679,600377
651,2006-12-06,3.157,0.04964907720301531,3.163,3.03,0.09415632998459224,600377
652,2006-12-07,3.078,0.05120873407850268,3.199,3.054,0.08787985240631366,600377
653,2006-12-08,3.084,0.03782167923056928,3.09,2.999,0.04982180787817706,600377
654,2006-12-11,2.969,0.044190278138809436,3.054,2.969,0.034077336076282924,600377
655,2006-12-12,3.054,0.04094099298154408,3.054,2.969,0.034660666946038025,600377
656,2006-12-13,3.03,0.04652976345204052,3.066,3.005,0.03052375016960585,600377
657,2006-12-14,3.072,0.051988562516246395,3.139,3.042,0.044820601174691256,600377
658,2006-12-15,3.12,0.05276839095399011,3.151,3.09,0.048258613243716025,600377
659,2006-12-18,3.114,0.051988562516246395,3.139,3.09,0.047779541216425914,600377
660,2006-12-19,3.114,0.048869248765271656,3.126,3.036,0.05169229618923134,600377
661,2006-12-20,3.09,0.05523784767351181,3.133,3.03,0.06119720968619898,600377
662,2006-12-21,3.126,0.05432804782947748,3.193,3.102,0.10332852546592086,600377
663,2006-12-22,3.108,0.05120873407850268,3.145,3.072,0.03510542352487418,600377
664,2006-12-25,3.09,0.0583571614244866,3.163,3.078,0.05216455169930852,600377
665,2006-12-26,3.157,0.05354821939173382,3.157,3.078,0.029223478341929607,600377
666,2006-12-27,3.102,0.05120873407850268,3.108,3.06,0.026968640072744514,600377
667,2006-12-28,3.096,0.04652976345204052,3.145,3.054,0.04726015224183131,600377
668,2006-12-29,3.078,0.056797504548999234,3.199,3.078,0.08939012377048791,600377
669,2007-01-04,3.211,0.0874707564335846,3.46,3.169,0.28214690951546534,600377
670,2007-01-05,3.393,0.09539901221731217,3.508,3.326,0.15832214350168025,600377
671,2007-01-08,3.442,0.09773849753054326,3.508,3.393,0.11775190542560794,600377
672,2007-01-09,3.49,0.1000779828437744,3.557,3.454,0.08985255672159986,600377
673,2007-01-10,3.46,0.10397712503249285,3.526,3.423,0.08696092449501594,600377
674,2007-01-11,3.545,0.09929815440603068,3.599,3.454,0.10341556307623452,600377
675,2007-01-12,3.454,0.07642318689888222,3.472,3.278,0.0971958933362818,600377
676,2007-01-15,3.278,0.0913698986223031,3.417,3.278,0.06370407915314384,600377
677,2007-01-16,3.423,0.09929815440603068,3.49,3.375,0.09558809496962305,600377
678,2007-01-17,3.52,0.09617884065505589,3.545,3.345,0.08328191043775916,600377
679,2007-01-18,3.448,0.09773849753054326,3.49,3.351,0.06719463344490935,600377
680,2007-01-19,3.484,0.11346503769170779,3.593,3.46,0.16480316951961727,600377
681,2007-01-22,3.611,0.13075123472835976,3.751,3.611,0.1530691913860942,600377
682,2007-01-23,3.732,0.12373277878866651,3.745,3.539,0.11810448025225855,600377
683,2007-01-24,3.66,0.12373277878866651,3.696,3.599,0.09970130212096674,600377
684,2007-01-25,3.666,0.1299714062906161,3.835,3.635,0.19056157083209743,600377
685,2007-01-26,3.684,0.11346503769170779,3.69,3.46,0.15104259001234793,600377
686,2007-01-29,3.617,0.12841174941512867,3.726,3.599,0.09639999085909276,600377
687,2007-01-30,3.726,0.12607226410189754,3.726,3.617,0.1027576421493372,600377
688,2007-01-31,3.69,0.11658435144268259,3.787,3.581,0.15874587895755848,600377
689,2007-02-01,3.587,0.1173641798804263,3.684,3.557,0.09183313601950471,600377
690,2007-02-02,3.605,0.1047569534702365,3.66,3.496,0.06592889934342228,600377
691,2007-02-05,3.514,0.10319729659474913,3.551,3.466,0.044489915412631253,600377
692,2007-02-06,3.514,0.1173641798804263,3.617,3.49,0.04048734965014913,600377
693,2007-02-07,3.617,0.11658435144268259,3.648,3.557,0.051897225676435864,600377
694,2007-02-08,3.611,0.12607226410189754,3.69,3.569,0.0668012336075595,600377
695,2007-02-09,3.678,0.12763192097738496,3.72,3.66,0.07876573492179777,600377
696,2007-02-12,3.69,0.13153106316610347,3.726,3.684,0.05730225810151803,600377
697,2007-02-13,3.72,0.13153106316610347,3.751,3.635,0.06530790827453108,600377
698,2007-02-14,3.726,0.13867949051208733,3.817,3.696,0.09905290738272106,600377
699,2007-02-15,3.799,0.14491811801403687,3.848,3.745,0.10425646091782138,600377
700,2007-02-16,3.848,0.14894723160904605,3.938,3.805,0.1225705268466043,600377
701,2007-02-26,3.89,0.1693527423966727,4.041,3.854,0.10344177067968055,600377
702,2007-02-27,4.017,0.11970366519365738,4.12,3.611,0.17694971629898806,600377
703,2007-02-28,3.629,0.1402391473875747,3.817,3.629,0.1444584588792382,600377
704,2007-03-01,3.787,0.1441382895762932,3.872,3.678,0.1420032531087473,600377
705,2007-03-02,3.829,0.1536262022355082,3.969,3.805,0.11622462452236353,600377
706,2007-03-05,3.902,0.15830517286197038,4.035,3.751,0.1419532088643641,600377
707,2007-03-06,3.902,0.14972706004678965,3.951,3.787,0.07362077803155898,600377
708,2007-03-07,3.872,0.1701325708344164,4.023,3.848,0.13837903580554548,600377
709,2007-03-08,4.054,0.17494151286716925,4.09,3.987,0.16787204177839166,600377
710,2007-03-09,4.047,0.16467377177021053,4.047,3.926,0.10196576184068996,600377
711,2007-03-12,3.981,0.16623342864569796,4.011,3.896,0.12492498787977727,600377
712,2007-03-13,3.993,0.17325188458539126,4.054,3.981,0.11658932936256387,600377
713,2007-03-14,3.999,0.1615544580192358,4.005,3.908,0.09525926152202308,600377
714,2007-03-15,3.951,0.17650116974265656,4.108,3.951,0.1370925451974519,600377
715,2007-03-16,4.078,0.1631141148947231,4.096,3.878,0.10993080928073898,600377
716,2007-03-19,3.848,0.16389394333246682,3.999,3.817,0.06869496581892372,600377
717,2007-03-20,3.981,0.17325188458539126,4.054,3.938,0.0773925665816285,600377
718,2007-03-21,4.041,0.17650116974265656,4.084,4.011,0.0898362881083137,600377
719,2007-03-22,4.12,0.18118014036911884,4.187,4.066,0.14357314782922664,600377
720,2007-03-23,4.126,0.19066805302833373,4.205,4.005,0.11435561806287727,600377
721,2007-03-26,4.241,0.20639459318949832,4.338,4.181,0.162583546394481,600377
722,2007-03-27,4.302,0.20951390694047317,4.399,4.272,0.12251285106664576,600377
723,2007-03-28,4.332,0.20171562256303605,4.35,4.12,0.16182808788044512,600377
724,2007-03-29,4.302,0.18741876787106843,4.302,4.144,0.10787335364041552,600377
725,2007-03-30,4.114,0.19222770990382115,4.217,4.072,0.08391755066786573,600377
726,2007-04-02,4.193,0.20080582271900177,4.284,4.169,0.08484127342745144,600377
727,2007-04-03,4.302,0.21978164803743178,4.411,4.29,0.188804909890776,600377
728,2007-04-04,4.405,0.2151026774109696,4.441,4.302,0.13992653339803943,600377
729,2007-04-05,4.369,0.21666233428645693,4.411,4.332,0.11129455727879722,600377
730,2007-04-06,4.35,0.23394853132310894,4.526,4.308,0.18441355920011301,600377
731,2007-04-09,4.508,0.23472835976085266,4.532,4.466,0.13402547232986728,600377
732,2007-04-10,4.514,0.25526384195476987,4.696,4.478,0.2179559891989533,600377
733,2007-04-11,4.672,0.2535742136729919,4.714,4.575,0.1154493197819701,600377
734,2007-04-12,4.672,0.2803483233688589,4.896,4.605,0.17816287642377224,600377
735,2007-04-13,4.896,0.2733298674291656,4.926,4.775,0.20426289744595366,600377
736,2007-04-16,4.805,0.2843774369638679,4.926,4.787,0.1350634987686184,600377
737,2007-04-17,4.902,0.2843774369638679,4.926,4.726,0.14922921649458717,600377
738,2007-04-18,4.89,0.29620483493631405,5.041,4.835,0.13552405823596217,600377
739,2007-04-19,4.999,0.26618144008318173,5.09,4.538,0.17942979600651376,600377
740,2007-04-20,4.744,0.2882765791525865,4.938,4.738,0.1149013839953828,600377
741,2007-04-23,4.968,0.32765791525864313,5.247,4.968,0.17128112598787767,600377
742,2007-04-24,5.217,0.3355861710423707,5.483,5.162,0.20633432482963285,600377
743,2007-04-25,5.29,0.34728359760852606,5.429,5.15,0.15973230520777998,600377
744,2007-04-26,5.405,0.3513127112035352,5.538,5.386,0.1077962126816455,600377
745,2007-04-27,5.399,0.3410449701065766,5.453,5.332,0.09685370205526143,600377
746,2007-04-30,5.296,0.33792565635560173,5.368,5.223,0.11725156882831658,600377
747,2007-05-08,5.405,0.40720041590850015,5.841,5.374,0.2695237251792376,600377
748,2007-05-09,5.938,0.44268260982583835,6.344,5.823,0.31343710507001854,600377
749,2007-05-10,6.083,0.4355341824798545,6.126,5.914,0.15005541225168836,600377
750,2007-05-11,6.041,0.4285157265401612,6.059,5.847,0.11836548723665898,600377
751,2007-05-14,5.908,0.4190278138809463,5.986,5.756,0.11130930170189911,600377
752,2007-05-15,5.932,0.37249805042890566,5.986,5.514,0.16131725130632887,600377
753,2007-05-16,5.502,0.38120613465037695,5.653,5.38,0.17179459814085418,600377
754,2007-05-17,5.659,0.3851052768390954,5.738,5.574,0.16167425051837547,600377
755,2007-05-18,5.744,0.38120613465037695,5.841,5.599,0.16428631027734236,600377
756,2007-05-21,5.453,0.3851052768390954,5.732,5.447,0.16534117690069874,600377
757,2007-05-22,5.702,0.4048609305952691,5.871,5.683,0.2203932857347791,600377
758,2007-05-23,5.865,0.4489212373277878,6.174,5.817,0.3427994117345645,600377
759,2007-05-24,6.241,0.44099298154406036,6.283,5.883,0.27992883174982147,600377
760,2007-05-25,6.138,0.48752274499610077,6.598,6.138,0.5049088397198542,600377
761,2007-05-28,6.526,0.4890824018715883,6.574,6.362,0.3216648742084253,600377
762,2007-05-29,6.471,0.489862230309332,6.526,6.356,0.2456291120917934,600377
763,2007-05-30,6.12,0.4056407590330127,6.35,5.829,0.2133045523887929,600377
764,2007-05-31,5.617,0.37574733558617107,5.853,5.247,0.246748238149932,600377
765,2007-06-01,5.592,0.3071224330647257,5.689,5.059,0.21867051685574934,600377
766,2007-06-04,5.126,0.2481154146087861,5.259,4.593,0.2338348755227218,600377
767,2007-06-05,4.665,0.3079022615024694,5.077,4.484,0.2687191327010675,600377
768,2007-06-06,5.114,0.31271120353522225,5.229,4.968,0.20358817867306733,600377
769,2007-06-07,5.09,0.3260982583831557,5.259,4.908,0.17553580762535204,600377
770,2007-06-08,5.217,0.32297894463218085,5.302,5.12,0.14138961837442596,600377
771,2007-06-11,5.205,0.3260982583831557,5.265,5.15,0.13461516457671086,600377
772,2007-06-12,5.241,0.33948531323108916,5.332,4.974,0.192352758914954,600377
773,2007-06-14,5.58,0.3513127112035352,5.635,5.393,0.3585315100758656,600377
774,2007-06-15,5.332,0.33792565635560173,5.447,5.235,0.15848102974373524,600377
775,2007-06-18,5.429,0.34897322589030405,5.502,5.344,0.16862505523734028,600377
776,2007-06-19,5.393,0.3513127112035352,5.441,5.271,0.12920815282131995,600377
777,2007-06-20,5.393,0.3260982583831557,5.489,5.211,0.13691030920854635,600377
778,2007-06-21,5.193,0.32999740057187416,5.277,5.096,0.11237585378333481,600377
779,2007-06-22,5.205,0.29373537821679224,5.259,4.878,0.1136963740542228,600377
780,2007-06-25,4.999,0.2725500389914219,5.053,4.787,0.13509650171996923,600377
781,2007-06-26,4.756,0.2906160644658175,4.968,4.738,0.08135168233920516,600377
782,2007-06-27,4.956,0.29776449181180137,5.017,4.847,0.07286996618065428,600377
783,2007-06-28,5.017,0.28593709383935534,5.084,4.89,0.12262414870405888,600377
784,2007-06-29,4.835,0.2725500389914219,4.89,4.726,0.09525011638091753,600377
785,2007-07-02,4.793,0.28138809461918385,4.898,4.749,0.05075496156452788,600377
786,2007-07-03,4.935,0.2919157785287237,5.01,4.88,0.05558430524008434,600377
787,2007-07-04,5.004,0.28060826618144,5.035,4.842,0.03898827684996758,600377
788,2007-07-05,4.799,0.2587730699246165,4.855,4.687,0.05773879040415162,600377
789,2007-07-06,4.693,0.2967247205614764,4.997,4.693,0.12627858519459448,600377
790,2007-07-09,5.022,0.30725240447101637,5.091,4.96,0.09680186900434255,600377
791,2007-07-10,5.072,0.29035612165323627,5.072,4.917,0.058710059429762984,600377
792,2007-07-11,4.929,0.2886664933714583,4.985,4.836,0.03980024683201568,600377
793,2007-07-12,4.911,0.28307772290096184,4.96,4.842,0.032500402560855436,600377
794,2007-07-13,4.929,0.28060826618144,4.929,4.817,0.02025827635534669,600377
795,2007-07-16,4.873,0.26202235508188204,4.873,4.718,0.03459506326019051,600377
796,2007-07-17,4.718,0.26852092539641276,4.817,4.687,0.03221463807061486,600377
797,2007-07-18,4.78,0.26930075383415647,4.842,4.718,0.038742109550555584,600377
798,2007-07-19,4.811,0.26930075383415647,4.811,4.743,0.01772160050257631,600377
799,2007-07-20,4.78,0.28463737977644915,4.911,4.755,0.0479356013558476,600377
800,2007-07-23,4.904,0.3097218611905381,5.103,4.904,0.12575942908238913,600377
801,2007-07-24,5.097,0.30075383415648554,5.159,5.004,0.11320168966219807,600377
802,2007-07-25,4.973,0.331427086041071,5.271,4.966,0.1408307380555434,600377
803,2007-07-26,5.339,0.35807122433064725,5.556,5.339,0.2887395824643994,600377
804,2007-07-27,5.463,0.35729139589290354,5.525,5.308,0.19299030438279086,600377
805,2007-07-30,5.463,0.36378996620743437,5.587,5.376,0.18072169537283062,600377
806,2007-07-31,5.538,0.3701585651156745,5.637,5.494,0.1487070860945917,600377
807,2007-08-01,5.587,0.32583831557057447,5.649,5.153,0.17590562485346206,600377
808,2007-08-02,5.227,0.33948531323108916,5.358,5.221,0.09258017973356499,600377
809,2007-08-03,5.32,0.33623602807382375,5.364,5.252,0.0934836752192471,600377
810,2007-08-06,5.295,0.3484533402651417,5.457,5.295,0.1324158428180566,600377
811,2007-08-07,5.413,0.33467637119833643,5.426,5.264,0.10283131134157643,600377
812,2007-08-08,5.271,0.33220691447881473,5.326,5.165,0.10446239594716138,600377
813,2007-08-09,5.252,0.3484533402651417,5.395,5.227,0.1133842749446875,600377
814,2007-08-10,5.395,0.34195476995061097,5.525,5.277,0.09012796942017233,600377
815,2007-08-13,5.401,0.4033012737197817,5.873,5.389,0.38035861210163185,600377
816,2007-08-14,5.867,0.3887444762152326,5.891,5.618,0.1699608279947249,600377
817,2007-08-15,5.674,0.37418767871068365,5.742,5.463,0.12774852902681016,600377
818,2007-08-16,5.556,0.3653496230829218,5.587,5.413,0.07548530718237896,600377
819,2007-08-17,5.475,0.37262802183519633,5.699,5.475,0.09585569619350119,600377
820,2007-08-20,5.656,0.4048609305952691,5.873,5.656,0.17155967174405112,600377
821,2007-08-21,5.848,0.4169482713802964,5.991,5.705,0.22987466954577726,600377
822,2007-08-22,5.823,0.42747595528983623,6.158,5.78,0.20451820988647124,600377
823,2007-08-23,6.022,0.44762152326488175,6.165,6.022,0.16574717247637688,600377
824,2007-08-24,6.152,0.4564595788926436,6.357,6.152,0.17124827122168362,600377
825,2007-08-27,6.345,0.46542760592669613,6.574,6.239,0.2161551267422883,600377
826,2007-08-28,6.289,0.5371718221991162,6.878,6.084,0.2145726574527888,600377
827,2007-08-29,6.698,0.5549779048609307,7.301,6.581,0.22434381733791525,600377
828,2007-08-30,7.015,0.541980764231869,7.114,6.86,0.12426395506458707,600377
829,2007-08-31,6.953,0.5363919937613726,7.077,6.816,0.11344940232110244,600377
830,2007-09-03,6.941,0.5525084481414089,7.108,6.897,0.1319348549683821,600377
831,2007-09-05,6.891,0.5509487912659214,7.17,6.891,0.12687125172922817,600377
832,2007-09-06,6.972,0.5904600987782689,7.263,6.972,0.16618095276895556,600377
833,2007-09-07,7.195,0.5613465037691707,7.512,6.984,0.16236278226480666,600377
834,2007-09-10,6.829,0.5461398492331688,6.984,6.581,0.09542206408607931,600377
835,2007-09-11,6.941,0.46542760592669613,7.003,6.258,0.09774631651657258,600377
836,2007-09-12,6.239,0.48479334546399794,6.605,6.121,0.08925721226948964,600377
837,2007-09-13,6.394,0.49922017156225634,6.599,6.32,0.0509860033932919,600377
838,2007-09-14,6.581,0.5267741096958669,6.878,6.549,0.08485957429431662,600377
839,2007-09-17,6.754,0.5509487912659214,7.046,6.754,0.07149298736502435,600377
840,2007-09-18,7.046,0.5557577332986743,7.108,6.816,0.06605718535059746,600377
841,2007-09-19,6.984,0.547699506108656,7.195,6.761,0.08380297178769483,600377
842,2007-09-20,6.928,0.5501689628281778,7.015,6.81,0.05665815014816557,600377
843,2007-09-21,7.052,0.5137769690668053,7.065,6.549,0.05507231493867584,600377
844,2007-09-24,6.661,0.5412009357941252,7.046,6.661,0.05431559685080715,600377
845,2007-09-25,6.897,0.5185859110995581,7.003,6.581,0.044957810045236794,600377
846,2007-09-26,6.581,0.4903821159344944,6.767,6.425,0.0332075315444654,600377
847,2007-09-27,6.494,0.5162464257863271,6.698,6.444,0.02704653254195262,600377
848,2007-09-28,6.698,0.5525084481414089,7.077,6.655,0.09152081463223424,600377
849,2007-10-08,7.108,0.5469196776709124,7.139,6.897,0.0671967292064127,600377
850,2007-10-09,6.922,0.5356121653236288,7.015,6.705,0.05348088044718977,600377
851,2007-10-10,6.829,0.5250844814140889,7.015,6.736,0.06168485528327556,600377
852,2007-10-11,6.736,0.4961008578112816,6.798,6.388,0.12349354043436815,600377
853,2007-10-12,6.456,0.46698726280218356,6.469,6.096,0.10857966760566308,600377
854,2007-10-15,6.301,0.4589290356121653,6.326,5.991,0.11889659342329506,600377
855,2007-10-16,6.251,0.47023654795944886,6.388,6.146,0.08163181579348722,600377
856,2007-10-17,6.419,0.4428125812321289,6.419,6.053,0.12312624235392375,600377
857,2007-10-18,6.109,0.4040811021575254,6.109,5.798,0.12788135585057597,600377
858,2007-10-19,5.867,0.4065505588770471,6.003,5.773,0.08995214773162555,600377
859,2007-10-22,5.811,0.4065505588770471,5.929,5.662,0.06330872115479337,600377
860,2007-10-23,5.786,0.4259162984143489,5.991,5.736,0.049452011819375113,600377
861,2007-10-24,5.978,0.39927216012477257,6.096,5.742,0.06728523808364034,600377
862,2007-10-25,5.792,0.3628801663634001,5.823,5.37,0.08218227072774016,600377
863,2007-10-26,5.525,0.3839355341824799,5.742,5.519,0.05637261852031426,600377
864,2007-10-29,5.742,0.4081102157525344,5.891,5.587,0.03488905202663365,600377
865,2007-10-30,5.854,0.40005198856251617,5.941,5.718,0.054143892592688675,600377
866,2007-10-31,5.885,0.43072524044710164,6.084,5.836,0.08443616696271414,600377
867,2007-11-01,5.96,0.4048609305952691,6.102,5.811,0.05021823492658732,600377
868,2007-11-02,5.798,0.39030413309072004,5.935,5.656,0.039252014675114785,600377
869,2007-11-05,5.742,0.3895243046529763,5.823,5.593,0.045668357872107296,600377
870,2007-11-06,5.699,0.3847153626202236,5.761,5.637,0.03199233916610221,600377
871,2007-11-07,5.736,0.3887444762152326,5.749,5.587,0.02378751755769184,600377
872,2007-11-08,5.699,0.3701585651156745,5.699,5.525,0.03719139422322817,600377
873,2007-11-09,5.556,0.3678190798024435,5.618,5.469,0.03473519349525588,600377
874,2007-11-12,5.469,0.3628801663634001,5.538,5.277,0.036528424416345504,600377
875,2007-11-13,5.5,0.36378996620743437,5.643,5.401,0.040652322068287124,600377
876,2007-11-14,5.556,0.3847153626202236,5.68,5.519,0.03329218760761616,600377
877,2007-11-15,5.68,0.3653496230829218,5.68,5.488,0.03033053789444282,600377
878,2007-11-16,5.451,0.35885105276839097,5.513,5.333,0.024145384711371145,600377
879,2007-11-19,5.562,0.3789966207434364,5.637,5.463,0.028864711492655428,600377
880,2007-11-20,5.68,0.39030413309072004,5.749,5.624,0.045088911570391244,600377
881,2007-11-21,5.767,0.3887444762152326,5.873,5.693,0.05971776083463976,600377
882,2007-11-22,5.624,0.3678190798024435,5.805,5.463,0.037883122535184686,600377
883,2007-11-23,5.513,0.3854951910579673,5.68,5.5,0.015264193124041486,600377
884,2007-11-26,5.711,0.413698986223031,5.941,5.711,0.07815967879978153,600377
885,2007-11-27,5.898,0.41460878606706525,5.991,5.78,0.08840005639927068,600377
886,2007-11-29,5.904,0.4186378996620744,5.966,5.68,0.0558726312166068,600377
887,2007-11-30,5.904,0.39433324668572917,5.904,5.711,0.020299789368559657,600377
888,2007-12-03,5.718,0.3983623602807382,5.817,5.649,0.016502968111644475,600377
889,2007-12-04,5.78,0.39927216012477257,5.836,5.736,0.02273883237230496,600377
890,2007-12-05,5.805,0.41538861450480896,5.929,5.805,0.03187213983462684,600377
891,2007-12-06,5.929,0.40966987262802185,5.947,5.805,0.018443791448909903,600377
892,2007-12-07,5.91,0.4621783207694307,6.314,5.848,0.11046310094862952,600377
893,2007-12-10,6.189,0.48310371718221984,6.549,6.115,0.13253631735053747,600377
894,2007-12-11,6.45,0.48635300233948536,6.456,6.301,0.07215815877995096,600377
895,2007-12-12,6.394,0.4968806862490252,6.581,6.307,0.07494991421084964,600377
896,2007-12-13,6.463,0.4556797504549,6.556,6.196,0.055764381959562195,600377
897,2007-12-14,6.183,0.4928515726540161,6.506,6.121,0.06613503548118933,600377
898,2007-12-17,6.518,0.5057187418767872,6.686,6.456,0.08449841531322548,600377
899,2007-12-18,6.581,0.48960228749675067,6.605,6.382,0.036432188741656,600377
900,2007-12-19,6.531,0.49922017156225634,6.655,6.494,0.05385869967376719,600377
901,2007-12-20,6.599,0.5064985703145308,6.705,6.568,0.04068154629813949,600377
902,2007-12-21,6.581,0.5129971406290617,6.705,6.581,0.04632392900580387,600377
903,2007-12-24,6.692,0.5154665973485835,6.854,6.63,0.07453154517457847,600377
904,2007-12-25,6.705,0.5049389134390434,6.705,6.568,0.057454380749630385,600377
905,2007-12-26,6.618,0.5243046529763451,6.742,6.562,0.07313470954793694,600377
906,2007-12-27,6.742,0.5227449961008579,6.885,6.717,0.06649634264743727,600377
907,2007-12-28,6.748,0.4968806862490252,6.779,6.518,0.05691332498818037,600377
908,2008-01-02,6.549,0.5291135950090979,6.86,6.549,0.07415047645920544,600377
909,2008-01-03,6.779,0.5605666753314271,7.046,6.736,0.09337630448848924,600377
910,2008-01-07,7.027,0.5613465037691707,7.133,6.86,0.06470954719601453,600377
911,2008-01-08,7.046,0.5315830517286197,7.133,6.761,0.056295287037771195,600377
912,2008-01-09,6.804,0.5501689628281778,7.003,6.785,0.051076354000325515,600377
913,2008-01-10,7.003,0.5509487912659214,7.046,6.81,0.06473908896548862,600377
914,2008-01-11,6.953,0.5298934234468418,6.99,6.711,0.06813393681526748,600377
915,2008-01-14,6.829,0.5622563036132051,7.071,6.717,0.09188960514890074,600377
916,2008-01-15,7.015,0.5492591629841435,7.027,6.866,0.04859249557130135,600377
917,2008-01-16,6.854,0.5178060826618145,6.897,6.674,0.10291853947566312,600377
918,2008-01-17,6.643,0.4976605146867689,6.767,6.332,0.06788027558078288,600377
919,2008-01-18,6.556,0.5089680270340524,6.674,6.487,0.03226233252179732,600377
920,2008-01-21,6.68,0.46620743436443984,6.68,6.214,0.04319241676431804,600377
921,2008-01-22,6.096,0.3847153626202236,6.202,5.668,0.06407881824539058,600377
922,2008-01-23,5.767,0.4201975565375617,6.009,5.711,0.05125318123100775,600377
923,2008-01-24,6.04,0.4403431245126072,6.264,5.991,0.05691607699823529,600377
924,2008-01-25,6.084,0.4403431245126072,6.239,6.009,0.035236133417828504,600377
925,2008-01-28,6.022,0.37418767871068365,6.022,5.556,0.03786144516367521,600377
926,2008-01-29,5.631,0.3983623602807382,5.817,5.513,0.040545607586080834,600377
927,2008-01-30,5.848,0.39277358981024185,5.848,5.649,0.01908732783094326,600377
928,2008-01-31,5.749,0.3847153626202236,5.773,5.643,0.013873507181407283,600377
929,2008-02-01,5.699,0.37587730699246164,5.699,5.277,0.033058891247537914,600377
930,2008-02-04,5.711,0.4355341824798545,6.071,5.662,0.05572755794809664,600377
931,2008-02-05,6.034,0.4209773849753054,6.047,5.854,0.02420396018692457,600377
932,2008-02-13,5.947,0.4008318170002599,5.947,5.724,0.013831454350837396,600377
933,2008-02-14,5.86,0.419417728099818,6.016,5.78,0.09736134206385237,600377
934,2008-02-15,5.836,0.4033012737197817,5.836,5.656,0.03850291753816738,600377
935,2008-02-18,5.811,0.41460878606706525,5.922,5.811,0.03771863701113333,600377
936,2008-02-19,5.916,0.4242266701325709,5.985,5.867,0.03798370850269177,600377
937,2008-02-20,5.972,0.40966987262802185,6.078,5.848,0.037784505313332266,600377
938,2008-02-21,5.836,0.4056407590330127,5.935,5.705,0.027457915706545925,600377
939,2008-02-22,5.829,0.3887444762152326,5.879,5.6,0.03157682798642653,600377
940,2008-02-25,5.699,0.35404211073563824,5.699,5.389,0.029979984736717157,600377
941,2008-02-26,5.556,0.35482193917338184,5.606,5.283,0.04101124768737216,600377
942,2008-02-27,5.482,0.3693787366779308,5.55,5.42,0.04664051600865947,600377
943,2008-02-28,5.525,0.3621003379256564,5.581,5.469,0.03494397579653729,600377
944,2008-02-29,5.519,0.3718481933974525,5.587,5.513,0.029228590729839313,600377
945,2008-03-03,5.593,0.3839355341824799,5.699,5.488,0.05817265537396276,600377
946,2008-03-04,5.662,0.37496750714842736,5.736,5.587,0.044589834546932716,600377
947,2008-03-05,5.581,0.3854951910579673,5.68,5.513,0.0327975878928239,600377
948,2008-03-06,5.687,0.3975825318429946,5.805,5.624,0.05954260597929859,600377
949,2008-03-07,5.736,0.37665713543020535,5.736,5.556,0.038742321243636725,600377
950,2008-03-10,5.575,0.3524824538601507,5.606,5.401,0.03679889408147319,600377
951,2008-03-11,5.395,0.3507928255783727,5.413,5.246,0.043803426504433134,600377
952,2008-03-12,5.469,0.32336885885105277,5.519,5.178,0.036451389304116046,600377
953,2008-03-13,5.171,0.2943852352482454,5.215,4.848,0.04315567743008494,600377
954,2008-03-14,4.973,0.2926956069664674,5.053,4.88,0.020462284977648227,600377
955,2008-03-17,4.923,0.22822978944632183,4.935,4.464,0.06098880843246364,600377
956,2008-03-18,4.507,0.21445282037951646,4.582,4.234,0.06906929210966223,600377
957,2008-03-19,4.457,0.22978944632180914,4.563,4.333,0.07064773923061991,600377
958,2008-03-20,4.408,0.26124252664413833,4.824,4.315,0.07106675393078858,600377
959,2008-03-21,4.656,0.26527164023914734,4.855,4.631,0.03758506926158352,600377
960,2008-03-24,4.811,0.24668572913958925,4.861,4.6,0.03104081052030783,600377
961,2008-03-25,4.613,0.26202235508188204,4.811,4.464,0.022187350726608452,600377
962,2008-03-26,4.768,0.26696126852092533,4.848,4.718,0.02405479065729421,600377
963,2008-03-27,4.662,0.24265661554458023,4.737,4.544,0.025624971163433104,600377
964,2008-03-28,4.532,0.2604626982063945,4.755,4.488,0.022916781576317276,600377
965,2008-03-31,4.588,0.2604626982063945,4.786,4.582,0.02672576460074436,600377
966,2008-04-01,4.718,0.23303873147907467,4.749,4.47,0.05732284525365959,600377
967,2008-04-02,4.575,0.23225890304133096,4.625,4.42,0.055205279362944386,600377
968,2008-04-03,4.464,0.276579152586431,4.88,4.426,0.08977412443503482,600377
969,2008-04-07,4.836,0.29997400571874183,5.035,4.737,0.08410490962933505,600377
970,2008-04-08,4.966,0.2959448921237328,5.109,4.88,0.07093086814200021,600377
971,2008-04-09,4.954,0.26449181180140374,4.966,4.687,0.05840430052800805,600377
972,2008-04-10,4.65,0.2733298674291656,4.83,4.644,0.023633574349081615,600377
973,2008-04-11,4.842,0.28463737977644915,4.935,4.78,0.035791668986028986,600377
974,2008-04-14,4.78,0.24759552898362364,4.855,4.613,0.030329945153815614,600377
975,2008-04-15,4.594,0.2524044710163765,4.662,4.439,0.047205196717965504,600377
976,2008-04-16,4.644,0.23134910319729668,4.644,4.482,0.031443228482914545,600377
977,2008-04-17,4.464,0.22900961788406543,4.706,4.457,0.04640127107300099,600377
978,2008-04-18,4.501,0.2023654795944892,4.532,4.246,0.041819883503392205,600377
979,2008-04-21,4.507,0.22731998960228744,4.613,4.333,0.06613906823438519,600377
980,2008-04-22,4.408,0.23628801663633997,4.532,4.296,0.05166773979181827,600377
981,2008-04-23,4.495,0.26124252664413833,4.749,4.439,0.08439007079429436,600377
982,2008-04-24,5.091,0.3160904600987782,5.19,4.842,0.14554721756488623,600377
983,2008-04-25,5.091,0.29035612165323627,5.202,4.929,0.12280979295157089,600377
984,2008-04-28,4.904,0.28138809461918385,5.029,4.842,0.038277358560205074,600377
985,2008-04-29,4.855,0.30647257603327266,5.097,4.855,0.06201816603954179,600377
986,2008-04-30,5.066,0.3185599168182999,5.19,5.035,0.06664363869329948,600377
987,2008-05-05,5.209,0.3241486872887965,5.24,5.066,0.061370046502301594,600377
988,2008-05-06,5.19,0.30322329087600736,5.19,4.973,0.05201868458174406,600377
989,2008-05-07,5.016,0.2757993241486873,5.091,4.799,0.04747606859994738,600377
990,2008-05-08,4.731,0.2822978944632181,4.892,4.731,0.025711564218276355,600377
991,2008-05-09,4.88,0.2919157785287237,5.022,4.817,0.05094650146434984,600377
992,2008-05-12,4.904,0.2934754354042111,5.109,4.842,0.04637728624690701,600377
993,2008-05-13,4.886,0.26852092539641276,4.966,4.755,0.06399914755430083,600377
994,2008-05-14,4.755,0.28710683649597085,4.923,4.755,0.043078504717352736,600377
995,2008-05-15,4.911,0.28710683649597085,5.016,4.88,0.041641013434476896,600377
996,2008-05-16,4.904,0.2790486093059527,4.985,4.786,0.02960018617983101,600377
997,2008-05-19,4.855,0.2781388094619183,4.886,4.731,0.022455237736146147,600377
998,2008-05-20,4.817,0.2403171302313491,4.898,4.532,0.0390029895191073,600377
999,2008-05-21,4.569,0.24993501429685466,4.668,4.339,0.05537543826157049,600377
1000,2008-05-22,4.631,0.23628801663633997,4.631,4.464,0.05316349959527987,600377
1001,2008-05-23,4.519,0.22900961788406543,4.551,4.389,0.0273192884923567,600377
1002,2008-05-26,4.445,0.22329087600727843,4.482,4.408,0.015255460784444166,600377
1003,2008-05-27,4.457,0.22978944632180914,4.488,4.408,0.012642268467493134,600377
1004,2008-05-28,4.507,0.23706784507408368,4.569,4.433,0.02504529199932779,600377
1005,2008-05-29,4.551,0.22251104756953471,4.551,4.414,0.02851007265846362,600377
1006,2008-05-30,4.42,0.22251104756953471,4.464,4.377,0.011837337280393169,600377
1007,2008-06-02,4.42,0.22251104756953471,4.445,4.346,0.02959019426640086,600377
1008,2008-06-03,4.457,0.22017156225630358,4.457,4.377,0.02039002354439864,600377
1009,2008-06-04,4.402,0.21445282037951646,4.402,4.321,0.020285796455895826,600377
1010,2008-06-05,4.37,0.21367299194177286,4.389,4.315,0.011605596864461354,600377
1011,2008-06-10,4.209,0.16207434364439827,4.246,3.917,0.036061503571913234,600377
1012,2008-06-11,3.973,0.15882505848713285,3.992,3.886,0.02109870847215504,600377
1013,2008-06-12,3.911,0.1458279178580712,3.961,3.725,0.035709860194819656,600377
1014,2008-06-13,3.849,0.1402391473875747,3.874,3.781,0.015072272176673457,600377
1015,2008-06-16,3.812,0.13945931894983105,3.818,3.725,0.017574696088914227,600377
1016,2008-06-17,3.781,0.14348843254484012,3.824,3.737,0.04296332251190056,600377
1017,2008-06-18,3.799,0.15713543020535475,3.955,3.725,0.0346628579694279,600377
1018,2008-06-19,3.892,0.13218092019755656,3.998,3.725,0.03510614328135008,600377
1019,2008-06-20,3.75,0.14673771770210553,3.88,3.607,0.037078709996133524,600377
1020,2008-06-23,3.762,0.14426826098258383,3.824,3.725,0.013666810056975181,600377
1021,2008-06-24,3.812,0.1676631141148947,4.004,3.806,0.042649953243878394,600377
1022,2008-06-25,4.05,0.19638679490512095,4.232,3.998,0.09268456559187867,600377
1023,2008-06-26,4.173,0.18118014036911884,4.18,4.024,0.04398128044655893,600377
1024,2008-06-27,3.985,0.14491811801403687,4.031,3.771,0.03911576900808846,600377
1025,2008-06-30,3.791,0.15596568754873924,3.934,3.765,0.02125724542062616,600377
1026,2008-07-01,3.901,0.15934494411229533,4.011,3.888,0.029325450899118203,600377
1027,2008-07-02,3.953,0.15336625942292698,4.037,3.83,0.05007755428951097,600377
1028,2008-07-03,3.882,0.16090460098778275,3.992,3.759,0.04217714733179023,600377
1029,2008-07-04,3.953,0.15934494411229533,3.985,3.895,0.013733038237412074,600377
1030,2008-07-07,3.959,0.18040031193137512,4.115,3.908,0.043413530187576266,600377
1031,2008-07-08,4.096,0.17702105536781915,4.115,4.018,0.026952868938199055,600377
1032,2008-07-09,4.076,0.19638679490512095,4.232,4.057,0.050752961064911034,600377
1033,2008-07-10,4.147,0.1879386534962308,4.303,4.115,0.04234622659570248,600377
1034,2008-07-11,4.154,0.19131791005978677,4.18,4.083,0.053110661002225536,600377
1035,2008-07-14,4.18,0.19378736677930847,4.238,4.115,0.026959240899941582,600377
1036,2008-07-15,4.219,0.17273199896022878,4.245,4.011,0.02092115090034285,600377
1037,2008-07-16,4.018,0.15843514426826094,4.031,3.908,0.026055078581053878,600377
1038,2008-07-17,3.953,0.15596568754873924,4.018,3.888,0.016376100448112975,600377
1039,2008-07-18,3.921,0.17364179880426295,4.05,3.921,0.017760774307242596,600377
1040,2008-07-21,4.031,0.18364959708864054,4.141,3.985,0.019689372369071773,600377
1041,2008-07-22,4.128,0.17949051208734085,4.147,4.07,0.018896147809359245,600377
1042,2008-07-23,4.096,0.17871068364959714,4.206,4.076,0.03090019339115582,600377
1043,2008-07-24,4.089,0.1862490252144528,4.16,4.063,0.024513847103761862,600377
1044,2008-07-25,4.121,0.17611125552378476,4.121,4.044,0.022867287733945068,600377
1045,2008-07-28,4.083,0.17871068364959714,4.108,4.063,0.015545533228886082,600377
1046,2008-07-29,4.05,0.16428385755133873,4.076,3.953,0.014584065592931838,600377
1047,2008-07-30,3.998,0.165193657395373,4.037,3.953,0.011860432995546325,600377
1048,2008-07-31,3.992,0.15934494411229533,4.024,3.921,0.011972323373586667,600377
1049,2008-08-01,3.927,0.16428385755133873,3.992,3.882,0.016102656495195166,600377
1050,2008-08-04,3.908,0.1499870028593709,3.946,3.856,0.009860557873294895,600377
1051,2008-08-05,3.869,0.13491031972965944,3.908,3.733,0.026656943180063414,600377
1052,2008-08-06,3.759,0.1373797764491812,3.784,3.726,0.012809654186756208,600377
1053,2008-08-07,3.784,0.13984923316870285,3.804,3.746,0.007275912368336562,600377
1054,2008-08-08,3.791,0.11970366519365738,3.791,3.597,0.01993574077691086,600377
1055,2008-08-11,3.648,0.10540681050168965,3.668,3.486,0.026828149959441192,600377
1056,2008-08-12,3.519,0.10878606706524563,3.597,3.467,0.013260623957524037,600377
1057,2008-08-13,3.545,0.1163244086301014,3.616,3.532,0.022894342109715676,600377
1058,2008-08-14,3.603,0.12139329347543537,3.674,3.577,0.012749575690326639,600377
1059,2008-08-15,3.642,0.12217312191317908,3.668,3.629,0.005191709307210152,600377
1060,2008-08-18,3.635,0.10202755393813356,3.661,3.48,0.023822796209665018,600377
1061,2008-08-19,3.499,0.11385495191057965,3.603,3.48,0.012313689051590545,600377
1062,2008-08-20,3.571,0.14322848973225888,3.823,3.545,0.027363161883424452,600377
1063,2008-08-21,3.752,0.12984143488432542,3.765,3.661,0.014339549499552792,600377
1064,2008-08-22,3.661,0.11710423706784506,3.707,3.584,0.0077763442275144284,600377
1065,2008-08-25,3.616,0.11554458019235764,3.668,3.571,0.004610262505877261,600377
1066,2008-08-26,3.59,0.11294515206654532,3.694,3.545,0.023951865481240453,600377
1067,2008-08-27,3.597,0.11125552378476733,3.616,3.499,0.007767008562635838,600377
1068,2008-08-28,3.584,0.10033792565635558,3.603,3.467,0.015379100128488173,600377
1069,2008-08-29,3.486,0.11125552378476733,3.609,3.48,0.010521146133014659,600377
1070,2008-09-01,3.564,0.10449701065765532,3.564,3.48,0.007972456697889173,600377
1071,2008-09-02,3.525,0.10540681050168965,3.551,3.46,0.006222919228748335,600377
1072,2008-09-03,3.519,0.10280738237587733,3.551,3.467,0.009897233699603642,600377
1073,2008-09-04,3.486,0.10878606706524563,3.59,3.486,0.007500391711585027,600377
1074,2008-09-05,3.499,0.08175201455679754,3.506,3.318,0.026443291937915628,600377
1075,2008-09-08,3.357,0.07590330127371975,3.376,3.292,0.00947120137379495,600377
1076,2008-09-09,3.344,0.08513127112035351,3.363,3.292,0.01116723341667584,600377
1077,2008-09-10,3.363,0.08435144268260986,3.389,3.298,0.009110867995720284,600377
1078,2008-09-11,3.337,0.07759292955549779,3.37,3.273,0.007164561807653147,600377
1079,2008-09-12,3.292,0.07668312971146346,3.337,3.273,0.019077134809086026,600377
1080,2008-09-16,3.234,0.07421367299194176,3.285,3.182,0.03684623923907176,600377
1081,2008-09-17,3.247,0.07499350142968547,3.331,3.247,0.0167724110653286,600377
1082,2008-09-18,3.208,0.08175201455679754,3.435,3.208,0.05239145492833612,600377
1083,2008-09-19,3.674,0.12555237847673512,3.674,3.558,0.04024157398293726,600377
1084,2008-09-22,3.791,0.1441382895762932,3.992,3.603,0.06340461812055305,600377
1085,2008-09-23,3.733,0.11970366519365738,3.733,3.597,0.01865046740403389,600377
1086,2008-09-24,3.584,0.11710423706784506,3.622,3.48,0.02075807313528112,600377
1087,2008-09-25,3.597,0.11710423706784506,3.713,3.532,0.03870802696449088,600377
1088,2008-09-26,3.622,0.10371718221991155,3.622,3.422,0.054717231549013624,600377
1089,2008-10-06,3.46,0.08773069924616583,3.48,3.37,0.02592639035702451,600377
1090,2008-10-07,3.324,0.08344164283857552,3.389,3.227,0.03526797205723304,600377
1091,2008-10-08,3.292,0.07590330127371975,3.363,3.273,0.016855161890749034,600377
1092,2008-10-09,3.305,0.08006238627501944,3.363,3.26,0.044761888098635086,600377
1093,2008-10-10,3.247,0.10371718221991155,3.532,3.24,0.1315532570203062,600377
1094,2008-10-13,3.48,0.13659994801143743,3.765,3.48,0.14882295630255762,600377
1095,2008-10-14,3.733,0.12893163504029115,3.843,3.661,0.1313376264478497,600377
1096,2008-10-15,3.661,0.13491031972965944,3.81,3.558,0.05934042850214898,600377
1097,2008-10-16,3.629,0.1272420067585131,3.726,3.571,0.040681694483296296,600377
1098,2008-10-17,3.648,0.12217312191317908,3.726,3.545,0.07055390627240143,600377
1099,2008-10-20,3.616,0.1390694047309592,3.81,3.545,0.056174272687933416,600377
1100,2008-10-21,3.778,0.12139329347543537,3.804,3.629,0.028334452078343928,600377
1101,2008-10-22,3.622,0.11710423706784506,3.681,3.571,0.01633150730056932,600377
1102,2008-10-23,3.564,0.13231089160384712,3.733,3.486,0.02650579432012433,600377
1103,2008-10-24,3.681,0.13322069144788146,3.81,3.642,0.05078554063009958,600377
1104,2008-10-27,3.694,0.12217312191317908,3.726,3.597,0.02959972045505248,600377
1105,2008-10-28,3.577,0.13659994801143743,3.791,3.545,0.033992013179926554,600377
1106,2008-10-29,3.759,0.12555237847673512,3.791,3.661,0.02616259749696853,600377
1107,2008-10-30,3.694,0.13984923316870285,3.804,3.616,0.03640809806902145,600377
1108,2008-10-31,3.759,0.1163244086301014,3.759,3.499,0.046986094378978174,600377
1109,2008-11-03,3.512,0.09864829737457759,3.558,3.389,0.023088496419089808,600377
1110,2008-11-04,3.435,0.0969586690927996,3.46,3.37,0.010133430254893603,600377
1111,2008-11-05,3.435,0.10449701065765532,3.577,3.435,0.0170403721674447,600377
1112,2008-11-06,3.46,0.09110995580972181,3.46,3.389,0.008633161388803566,600377
1113,2008-11-07,3.383,0.0969586690927996,3.473,3.376,0.005721492412089076,600377
1114,2008-11-10,3.506,0.12386275019495713,3.668,3.486,0.047937623024772565,600377
1115,2008-11-11,3.603,0.11216532362880166,3.648,3.558,0.028464346952935832,600377
1116,2008-11-12,3.577,0.12893163504029115,3.713,3.532,0.03702466475251666,600377
1117,2008-11-13,3.648,0.13659994801143743,3.797,3.629,0.08130461238261208,600377
1118,2008-11-14,3.759,0.1466077462958149,3.856,3.7,0.09401795680210037,600377
1119,2008-11-17,3.81,0.15843514426826094,3.94,3.726,0.11678394939671653,600377
1120,2008-11-18,3.856,0.12815180660254744,3.856,3.635,0.08655619907782472,600377
1121,2008-11-19,3.674,0.14491811801403687,3.862,3.622,0.10277167740061728,600377
1122,2008-11-20,3.765,0.13569014816740316,3.869,3.661,0.07533867796972236,600377
1123,2008-11-21,3.668,0.12815180660254744,3.713,3.499,0.05176544673342175,600377
1124,2008-11-24,3.661,0.12048349363140104,3.681,3.597,0.031285146674567894,600377
1125,2008-11-25,3.616,0.1247725500389914,3.707,3.603,0.021863396804528926,600377
1126,2008-11-26,3.726,0.13659994801143743,3.959,3.681,0.21362333041503836,600377
1127,2008-11-27,4.005,0.13569014816740316,4.005,3.746,0.29010450535905796,600377
1128,2008-11-28,3.694,0.10709643878346764,3.7,3.512,0.1130097263762138,600377
1129,2008-12-01,3.519,0.10956589550298934,3.558,3.435,0.055451234969275225,600377
1130,2008-12-02,3.493,0.10540681050168965,3.577,3.435,0.05497288269846102,600377
1131,2008-12-03,3.538,0.12139329347543537,3.655,3.538,0.07568302852017042,600377
1132,2008-12-04,3.694,0.12048349363140104,3.759,3.635,0.10886857573815868,600377
1133,2008-12-05,3.629,0.12386275019495713,3.674,3.564,0.0556919723411558,600377
1134,2008-12-08,3.739,0.1390694047309592,3.804,3.694,0.13912597367306517,600377
1135,2008-12-09,3.823,0.13984923316870285,3.843,3.733,0.14281698014336894,600377
1136,2008-12-10,3.791,0.15427605926696125,3.908,3.784,0.14611834432851317,600377
1137,2008-12-11,3.927,0.1482973745775929,3.959,3.797,0.12413084245516173,600377
1138,2008-12-12,3.81,0.12984143488432542,3.908,3.616,0.13980527560115832,600377
1139,2008-12-15,3.804,0.12217312191317908,3.804,3.616,0.04665277303805789,600377
1140,2008-12-16,3.668,0.1247725500389914,3.668,3.551,0.033668228612311946,600377
1141,2008-12-17,3.681,0.1373797764491812,3.778,3.635,0.061798947269359826,600377
1142,2008-12-18,3.765,0.1390694047309592,3.797,3.694,0.03337987088182732,600377
1143,2008-12-19,3.81,0.13815960488692486,3.823,3.752,0.046600834140598436,600377
1144,2008-12-22,3.771,0.13659994801143743,3.817,3.707,0.04986066414322163,600377
1145,2008-12-23,3.784,0.1078762672212113,3.784,3.532,0.05254043393419344,600377
1146,2008-12-24,3.506,0.11216532362880166,3.635,3.499,0.04256939344184784,600377
1147,2008-12-25,3.564,0.11047569534702362,3.707,3.48,0.030679556277330173,600377
1148,2008-12-26,3.558,0.09604886924876527,3.564,3.37,0.05896680079857827,600377
1149,2008-12-29,3.447,0.10202755393813356,3.493,3.337,0.09242084893603957,600377
1150,2008-12-30,3.467,0.1078762672212113,3.558,3.447,0.03940587320649255,600377
1151,2008-12-31,3.532,0.10618663893943331,3.59,3.467,0.05221189685690708,600377
1152,2009-01-05,3.59,0.1163244086301014,3.661,3.512,0.05512174527312371,600377
1153,2009-01-06,3.603,0.1272420067585131,3.707,3.577,0.07829447436920198,600377
1154,2009-01-07,3.733,0.12308292175721336,3.733,3.597,0.06534389609832611,600377
1155,2009-01-08,3.622,0.11970366519365738,3.668,3.564,0.0458386649558902,600377
1156,2009-01-09,3.694,0.12386275019495713,3.707,3.616,0.059054177117821766,600377
1157,2009-01-12,3.713,0.11970366519365738,3.713,3.597,0.05340041590704574,600377
1158,2009-01-13,3.622,0.11879386534962305,3.661,3.564,0.059098198694046325,600377
1159,2009-01-14,3.629,0.12308292175721336,3.707,3.577,0.05893004029503706,600377
1160,2009-01-15,3.629,0.12048349363140104,3.642,3.545,0.05383346585849445,600377
1161,2009-01-16,3.648,0.12048349363140104,3.681,3.622,0.10153261662735473,600377
1162,2009-01-19,3.648,0.1180140369118794,3.681,3.597,0.04749561845599132,600377
1163,2009-01-20,3.622,0.11554458019235764,3.629,3.538,0.08494195465684504,600377
1164,2009-01-21,3.564,0.10956589550298934,3.609,3.551,0.07699492229800163,600377
1165,2009-01-22,3.609,0.10540681050168965,3.609,3.486,0.15399616363447552,600377
1166,2009-01-23,3.499,0.10111775409409929,3.512,3.415,0.18467540237218397,600377
1167,2009-02-02,3.486,0.11294515206654532,3.584,3.48,0.12131749432998605,600377
1168,2009-02-03,3.577,0.11879386534962305,3.642,3.545,0.17463733985034716,600377
1169,2009-02-04,3.655,0.12646217832076945,3.7,3.622,0.2078901737141781,600377
1170,2009-02-05,3.681,0.1272420067585131,3.759,3.655,0.18398214987004322,600377
1171,2009-02-06,3.661,0.1373797764491812,3.849,3.661,0.2612889489998449,600377
1172,2009-02-09,3.849,0.1458279178580712,3.875,3.746,0.3404339744151341,600377
1173,2009-02-10,3.81,0.1499870028593709,3.908,3.746,0.30337635963453685,600377
1174,2009-02-11,3.81,0.16181440083181692,3.959,3.771,0.31725953060509854,600377
1175,2009-02-12,3.953,0.15674551598648295,4.057,3.81,0.30732059336850887,600377
1176,2009-02-13,3.927,0.1862490252144528,4.154,3.869,0.4136313027764743,600377
1177,2009-02-16,4.16,0.1879386534962308,4.18,4.057,0.2814578697056394,600377
1178,2009-02-17,4.141,0.15843514426826094,4.141,3.921,0.2260542339256601,600377
1179,2009-02-18,3.869,0.13815960488692486,3.94,3.759,0.17109282499219727,600377
1180,2009-02-19,3.81,0.1458279178580712,3.856,3.759,0.09199589624494472,600377
1181,2009-02-20,3.823,0.15089680270340528,3.875,3.771,0.12023034451175472,600377
1182,2009-02-23,3.856,0.16090460098778275,3.979,3.797,0.13875970230406431,600377
1183,2009-02-24,3.895,0.16259422926956074,4.07,3.823,0.28542315631653153,600377
1184,2009-02-25,3.985,0.15934494411229533,4.05,3.849,0.1459444278776967,600377
1185,2009-02-26,3.895,0.13062126332206914,3.992,3.648,0.11480793208471039,600377
1186,2009-02-27,3.7,0.1247725500389914,3.797,3.629,0.115865423702273,600377
1187,2009-03-02,3.661,0.12984143488432542,3.739,3.635,0.04920403454411931,600377
1188,2009-03-03,3.642,0.11879386534962305,3.694,3.59,0.06467760271006942,600377
1189,2009-03-04,3.629,0.13984923316870285,3.791,3.622,0.10596844403436671,600377
1190,2009-03-05,3.771,0.13153106316610347,3.797,3.674,0.18396488629927565,600377
1191,2009-03-06,3.674,0.1272420067585131,3.72,3.655,0.07163139230147839,600377
1192,2009-03-09,3.7,0.1078762672212113,3.733,3.519,0.10502729893420261,600377
1193,2009-03-10,3.538,0.11710423706784506,3.616,3.532,0.05610151377594313,600377
1194,2009-03-12,3.597,0.1180140369118794,3.635,3.486,0.07666579248008806,600377
1195,2009-03-13,3.622,0.11463478034832336,3.635,3.564,0.05228109932513409,600377
1196,2009-03-16,3.538,0.1180140369118794,3.635,3.538,0.04157323989454763,600377
1197,2009-03-17,3.616,0.12815180660254744,3.7,3.603,0.0879923143556731,600377
1198,2009-03-18,3.694,0.12893163504029115,3.726,3.668,0.13690013735599724,600377
1199,2009-03-19,3.694,0.13153106316610347,3.726,3.661,0.08362429224255255,600377
1200,2009-03-20,3.72,0.12815180660254744,3.726,3.661,0.08058881456732914,600377
1201,2009-03-23,3.7,0.13569014816740316,3.771,3.674,0.11401690913304179,600377
1202,2009-03-24,3.765,0.13491031972965944,3.784,3.726,0.09100235710719669,600377
1203,2009-03-25,3.733,0.1441382895762932,3.856,3.681,0.15775059335189098,600377
1204,2009-03-26,3.778,0.151676631141149,3.888,3.726,0.20873786690366977,600377
1205,2009-03-27,3.914,0.15258643098518326,3.946,3.83,0.2608970521833712,600377
1206,2009-03-30,3.895,0.1441382895762932,3.914,3.804,0.1215163905643779,600377
1207,2009-03-31,3.765,0.14322848973225888,3.817,3.713,0.08265775455730484,600377
1208,2009-04-01,3.817,0.15089680270340528,3.888,3.765,0.17003225324030394,600377
1209,2009-04-02,3.875,0.1482973745775929,3.921,3.843,0.16258470012177326,600377
1210,2009-04-03,3.882,0.1415388614504809,3.888,3.778,0.10675236468316283,600377
1211,2009-04-07,3.823,0.151676631141149,3.882,3.778,0.12828363621267996,600377
1212,2009-04-08,3.843,0.1373797764491812,3.875,3.759,0.09882978287519194,600377
1213,2009-04-09,3.771,0.13815960488692486,3.791,3.707,0.06007663353045452,600377
1214,2009-04-10,3.778,0.14244866129451517,3.817,3.752,0.11944424342422282,600377
1215,2009-04-13,3.823,0.1466077462958149,3.856,3.797,0.15487773830160484,600377
1216,2009-04-14,3.836,0.1482973745775929,3.875,3.804,0.19801971918933955,600377
1217,2009-04-15,3.836,0.14491811801403687,3.856,3.784,0.1844745268074834,600377
1218,2009-04-16,3.836,0.15258643098518326,3.927,3.823,0.27861496922633555,600377
1219,2009-04-17,3.908,0.14751754613984924,3.921,3.83,0.16251036409632844,600377
1220,2009-04-20,3.856,0.16259422926956074,3.966,3.849,0.25180237870835864,600377
1221,2009-04-21,3.921,0.15843514426826094,3.966,3.875,0.16859812787741837,600377
1222,2009-04-22,3.953,0.14751754613984924,4.018,3.83,0.2279655260781055,600377
1223,2009-04-23,3.81,0.14491811801403687,3.849,3.759,0.12564586632900773,600377
1224,2009-04-24,3.823,0.1441382895762932,3.862,3.791,0.10321730192108614,600377
1225,2009-04-27,3.817,0.1390694047309592,3.836,3.765,0.10676423008036112,600377
1226,2009-04-28,3.759,0.13815960488692486,3.791,3.733,0.08071236923414069,600377
1227,2009-04-29,3.765,0.1441382895762932,3.83,3.746,0.11173859410115748,600377
1228,2009-04-30,3.83,0.14491811801403687,3.843,3.81,0.09189484455265912,600377
1229,2009-05-04,3.83,0.15505588770470496,3.908,3.823,0.145695360383073,600377
1230,2009-05-05,3.921,0.15505588770470496,3.94,3.869,0.1317031145524503,600377
1231,2009-05-06,3.895,0.15843514426826094,3.94,3.856,0.16818923210652853,600377
1232,2009-05-07,3.94,0.15427605926696125,3.959,3.862,0.1456234799973695,600377
1233,2009-05-08,3.882,0.15505588770470496,3.914,3.849,0.16677570448043855,600377
1234,2009-05-11,3.914,0.15505588770470496,3.992,3.901,0.29936237303032687,600377
1235,2009-05-12,3.875,0.16012477255003893,3.946,3.862,0.114622404268393,600377
1236,2009-05-13,3.94,0.16259422926956074,3.966,3.927,0.1671477550705547,600377
1237,2009-05-14,3.946,0.16597348583311672,4.057,3.914,0.26801359141556613,600377
1238,2009-05-15,3.966,0.16428385755133873,4.018,3.946,0.16637610203581107,600377
1239,2009-05-18,4.005,0.16181440083181692,4.011,3.908,0.11822599208083703,600377
1240,2009-05-19,3.966,0.16090460098778275,3.979,3.927,0.1832189539738914,600377
1241,2009-05-20,3.953,0.15505588770470496,3.972,3.895,0.15986630692814616,600377
1242,2009-05-21,3.895,0.1482973745775929,3.914,3.836,0.12484607928377964,600377
1243,2009-05-22,3.836,0.15258643098518326,3.888,3.83,0.07397829589165437,600377
1244,2009-05-25,3.849,0.15089680270340528,3.882,3.81,0.09691393932150187,600377
1245,2009-05-26,3.862,0.1482973745775929,3.882,3.843,0.05667230183064026,600377
1246,2009-05-27,3.856,0.15089680270340528,3.875,3.83,0.0614415564251131,600377
1247,2009-06-01,3.882,0.15674551598648295,3.921,3.882,0.21156241359283814,600377
1248,2009-06-02,3.921,0.15674551598648295,3.94,3.901,0.11921645108425438,600377
1249,2009-06-03,3.914,0.15934494411229533,3.94,3.882,0.15661216088475177,600377
1250,2009-06-04,3.921,0.16350402911359502,3.972,3.908,0.17045658143680942,600377
1251,2009-06-05,4.011,0.16090460098778275,4.018,3.94,0.20974670086653072,600377
1252,2009-06-08,3.946,0.16350402911359502,3.979,3.927,0.10735259924544753,600377
1253,2009-06-09,3.979,0.16597348583311672,3.992,3.927,0.12903724241225578,600377
1254,2009-06-10,3.992,0.17611125552378476,4.083,3.985,0.26791458256151357,600377
1255,2009-06-11,4.076,0.165193657395373,4.083,3.972,0.2095843322732908,600377
1256,2009-06-12,3.966,0.16181440083181692,3.998,3.94,0.1417881200150315,600377
1257,2009-06-15,3.966,0.17026254224070697,4.024,3.953,0.1297247262779353,600377
1258,2009-06-16,4.011,0.1676631141148947,4.018,3.972,0.08913223925903442,600377
1259,2009-06-18,4.044,0.17104237067845068,4.063,4.011,0.1488576633832117,600377
1260,2009-06-19,4.031,0.1904081102157525,4.27,4.018,0.42823015513112433,600377
1261,2009-06-22,4.186,0.1845593969326748,4.206,4.102,0.2290106759890372,600377
1262,2009-06-23,4.083,0.18533922537041853,4.18,4.063,0.1699151975510836,600377
1263,2009-06-24,4.147,0.19547699506108657,4.238,4.134,0.1912290814555707,600377
1264,2009-06-25,4.225,0.1879386534962308,4.238,4.128,0.13154825047893706,600377
1265,2009-06-26,4.16,0.18533922537041853,4.173,4.083,0.10740997865509247,600377
1266,2009-06-29,4.128,0.1904081102157525,4.193,4.115,0.09425634438078022,600377
1267,2009-06-30,4.186,0.18286976865089682,4.199,4.089,0.09449385343317329,600377
1268,2009-07-01,4.134,0.19300753834156475,4.206,4.128,0.11369812052214225,600377
1269,2009-07-02,4.238,0.2056147647517546,4.29,4.206,0.18556138025540114,600377
1270,2009-07-03,4.258,0.2114634780348323,4.342,4.245,0.16646937400736453,600377
1271,2009-07-06,4.407,0.2283597608526124,4.523,4.407,0.38498820218581786,600377
1272,2009-07-07,4.397,0.21523264881726017,4.451,4.35,0.17750592928504821,600377
1273,2009-07-08,4.364,0.2126332206914479,4.377,4.283,0.11691216131131332,600377
1274,2009-07-09,4.323,0.21614244866129456,4.377,4.317,0.09702470772621213,600377
1275,2009-07-10,4.377,0.21874187678710683,4.431,4.371,0.1480524781644144,600377
1276,2009-07-13,4.391,0.21614244866129456,4.424,4.357,0.14378339081276797,600377
1277,2009-07-14,4.377,0.22394073303873147,4.431,4.371,0.1603558683476071,600377
1278,2009-07-15,4.438,0.23095918897842477,4.492,4.424,0.24659065382032608,600377
1279,2009-07-16,4.499,0.2230309331946972,4.512,4.418,0.18064783565681836,600377
1280,2009-07-17,4.418,0.2230309331946972,4.458,4.391,0.1139583230728343,600377
1281,2009-07-20,4.451,0.23186898882245904,4.492,4.424,0.1853713222071472,600377
1282,2009-07-21,4.512,0.2134130491291915,4.512,4.344,0.16725614192810206,600377
1283,2009-07-22,4.35,0.21783207694307255,4.391,4.35,0.12326608680332958,600377
1284,2009-07-23,4.384,0.2230309331946972,4.438,4.364,0.10334201031518994,600377
1285,2009-07-24,4.451,0.22225110475695348,4.485,4.344,0.15555519849989202,600377
1286,2009-07-27,4.451,0.23277878866649332,4.532,4.411,0.3389639141517237,600377
1287,2009-07-28,4.499,0.22926956069664678,4.499,4.404,0.18799614705890727,600377
1288,2009-07-29,4.472,0.19768650896802703,4.478,4.148,0.23403737053949314,600377
1289,2009-07-30,4.242,0.2002859370938393,4.29,4.148,0.18278611571552383,600377
1290,2009-07-31,4.263,0.20990382115934497,4.344,4.236,0.20487034015765143,600377
1291,2009-08-03,4.337,0.21874187678710683,4.397,4.303,0.2418749469907294,600377
1292,2009-08-04,4.411,0.22225110475695348,4.431,4.33,0.1821970797172318,600377
1293,2009-08-05,4.438,0.2344684169482713,4.539,4.418,0.29592056107049547,600377
1294,2009-08-06,4.478,0.21874187678710683,4.478,4.317,0.19344251255808342,600377
1295,2009-08-07,4.377,0.21523264881726017,4.512,4.357,0.21989639973471045,600377
1296,2009-08-10,4.364,0.21081362100337925,4.424,4.276,0.12785993251076389,600377
1297,2009-08-11,4.33,0.2143228489732259,4.384,4.296,0.08476196261459965,600377
1298,2009-08-12,4.344,0.19157785287236812,4.35,4.168,0.12096552282861671,600377
1299,2009-08-13,4.188,0.1932674811541461,4.229,4.155,0.0695431882411183,600377
1300,2009-08-14,4.215,0.1722121133350663,4.215,4.02,0.13157734769294074,600377
1301,2009-08-17,4.013,0.1503769170782428,4.02,3.844,0.12107387793220188,600377
1302,2009-08-18,3.858,0.1590850012997141,3.939,3.844,0.06083316109455018,600377
1303,2009-08-19,3.925,0.1415388614504809,3.939,3.777,0.08485264134590904,600377
1304,2009-08-20,3.811,0.15297634520405506,3.892,3.797,0.07662132634839311,600377
1305,2009-08-21,3.871,0.15648557317390172,3.919,3.844,0.09083672844050714,600377
1306,2009-08-24,3.912,0.1581752014556797,3.946,3.885,0.08644660556971481,600377
1307,2009-08-25,3.925,0.1503769170782428,3.925,3.797,0.09321041120544826,600377
1308,2009-08-26,3.858,0.16350402911359502,4.0,3.824,0.12783687913422695,600377
1309,2009-08-27,3.959,0.16792305692747594,4.006,3.898,0.0950961731723073,600377
1310,2009-08-28,3.973,0.15557577332986744,4.02,3.898,0.0667047439011726,600377
1311,2009-08-31,3.912,0.13634000519885625,3.919,3.75,0.1066060424254739,600377
1312,2009-09-01,3.764,0.13893943332466857,3.831,3.757,0.057533670393174065,600377
1313,2009-09-02,3.777,0.13802963348063424,3.811,3.75,0.042962369893035396,600377
1314,2009-09-03,3.777,0.15297634520405506,3.898,3.777,0.13920964536338856,600377
1315,2009-09-04,3.885,0.15557577332986744,3.946,3.844,0.11645058571718002,600377
1316,2009-09-07,3.912,0.15388614504808945,3.932,3.878,0.10021768505380906,600377
1317,2009-09-08,3.878,0.1590850012997141,3.939,3.851,0.08153355844987276,600377
1318,2009-09-09,3.925,0.16350402911359502,3.966,3.892,0.09253939706148198,600377
1319,2009-09-10,3.952,0.15648557317390172,3.952,3.898,0.05622032651773698,600377
1320,2009-09-11,3.898,0.16168442942552635,3.973,3.892,0.0779035407562475,600377
1321,2009-09-14,3.959,0.165193657395373,3.993,3.925,0.08218632465024414,600377
1322,2009-09-15,3.993,0.165193657395373,4.006,3.939,0.07877706050163916,600377
1323,2009-09-16,3.979,0.16350402911359502,3.979,3.919,0.08546643485004123,600377
1324,2009-09-17,3.973,0.17572134130491285,4.067,3.966,0.12536953276553228,600377
1325,2009-09-18,4.067,0.16350402911359502,4.074,3.932,0.1004264779397445,600377
1326,2009-09-21,3.946,0.16870288536521966,4.013,3.919,0.07482368162656157,600377
1327,2009-09-22,4.054,0.16961268520925393,4.148,4.006,0.265057149352189,600377
1328,2009-09-23,3.979,0.1661034572394074,4.033,3.952,0.10583287578520008,600377
1329,2009-09-24,3.979,0.1705224850532882,4.027,3.919,0.09931769308861993,600377
1330,2009-09-25,4.013,0.16350402911359502,4.013,3.952,0.04450575005510106,600377
1331,2009-09-28,3.993,0.15466597348583316,4.006,3.871,0.05532138243329956,600377
1332,2009-09-29,3.912,0.1511567455159865,3.932,3.844,0.061244216134867704,600377
1333,2009-09-30,3.905,0.1644138289576293,4.054,3.898,0.09135889059446477,600377
1334,2009-10-09,4.013,0.17663114114894723,4.074,4.006,0.10910877329268234,600377
1335,2009-10-12,4.08,0.16870288536521966,4.08,4.0,0.06119923135512393,600377
1336,2009-10-13,3.993,0.1714322848973226,4.047,3.986,0.05615251063919148,600377
1337,2009-10-14,4.047,0.1714322848973226,4.067,4.0,0.11417893901735184,600377
1338,2009-10-15,4.033,0.1705224850532882,4.054,4.0,0.05151383892182427,600377
1339,2009-10-16,4.027,0.16792305692747594,4.04,3.959,0.05614682667996268,600377
1340,2009-10-19,4.0,0.1722121133350663,4.047,3.986,0.11376019951818866,600377
1341,2009-10-21,4.067,0.18364959708864054,4.141,4.054,0.2436679556340838,600377
1342,2009-10-22,4.114,0.18105016896282816,4.121,4.074,0.1017240083420199,600377
1343,2009-10-23,4.107,0.18884845334026507,4.188,4.107,0.12599899155766933,600377
1344,2009-10-26,4.175,0.18884845334026507,4.182,4.134,0.06576646724225804,600377
1345,2009-10-27,4.155,0.1845593969326748,4.175,4.114,0.0904890225547229,600377
1346,2009-10-28,4.128,0.18884845334026507,4.168,4.128,0.07612850485548248,600377
1347,2009-10-29,4.114,0.19157785287236812,4.209,4.107,0.11791681433582159,600377
1348,2009-10-30,4.195,0.18975825318429945,4.229,4.148,0.10978890082379199,600377
1349,2009-11-02,4.141,0.19768650896802703,4.229,4.107,0.12575430610982538,600377
1350,2009-11-03,4.242,0.1985963088120613,4.269,4.215,0.11332641922560999,600377
1351,2009-11-04,4.242,0.20119573693787368,4.263,4.209,0.09752784925682868,600377
1352,2009-11-05,4.263,0.2134130491291915,4.371,4.249,0.17866667420294036,600377
1353,2009-11-06,4.377,0.21081362100337925,4.445,4.303,0.223610618351362,600377
1354,2009-11-09,4.317,0.20821419287756687,4.344,4.269,0.10311306424792926,600377
1355,2009-11-10,4.317,0.2056147647517546,4.337,4.276,0.07810858667464665,600377
1356,2009-11-11,4.29,0.2073043930335326,4.323,4.249,0.08135493182800077,600377
1357,2009-11-12,4.317,0.21172342084741352,4.377,4.29,0.0950399474899546,600377
1358,2009-11-13,4.344,0.20990382115934497,4.35,4.242,0.1125759037450189,600377
1359,2009-11-16,4.337,0.21692227709903816,4.397,4.317,0.1404966228655688,600377
1360,2009-11-17,4.404,0.23355861710423703,4.512,4.377,0.2833945756124765,600377
1361,2009-11-18,4.499,0.2494151286716922,4.688,4.472,0.3603341401697581,600377
1362,2009-11-19,4.647,0.27475955289836235,4.836,4.566,0.3691719664294148,600377
1363,2009-11-20,4.802,0.278268780868209,4.951,4.755,0.3354237495863914,600377
1364,2009-11-23,4.849,0.30023394853132307,5.045,4.822,0.30031923634176616,600377
1365,2009-11-24,5.031,0.26163244086301013,5.038,4.701,0.3616637209045192,600377
1366,2009-11-25,4.789,0.32297894463218085,5.193,4.755,0.47523323787986455,600377
1367,2009-11-26,5.227,0.28801663634000524,5.369,4.856,0.5288087663036353,600377
1368,2009-11-27,4.802,0.26696126852092533,4.978,4.694,0.2897772384402585,600377
1369,2009-11-30,4.789,0.2915258643098518,4.991,4.762,0.2318569423883313,600377
1370,2009-12-01,4.971,0.30283337665713544,5.099,4.863,0.2043998628694559,600377
1371,2009-12-02,5.065,0.29503509227969843,5.099,4.951,0.17903917993318097,600377
1372,2009-12-03,4.978,0.2976345204055108,5.045,4.809,0.23165238336401878,600377
1373,2009-12-04,4.944,0.2791785807122433,4.964,4.789,0.2028178169661187,600377
1374,2009-12-07,4.863,0.28177800883805565,4.91,4.809,0.09072553664963458,600377
1375,2009-12-08,4.863,0.2791785807122433,4.903,4.802,0.1125558987488505,600377
1376,2009-12-09,4.816,0.26072264101897585,4.876,4.708,0.12968928885615125,600377
1377,2009-12-10,4.741,0.276579152586431,4.849,4.741,0.10814862873848526,600377
1378,2009-12-11,4.876,0.2695606966467377,4.876,4.762,0.07507867652745741,600377
1379,2009-12-14,4.802,0.26865089680270343,4.816,4.654,0.0840686042659183,600377
1380,2009-12-15,4.789,0.27475955289836235,4.836,4.748,0.08748457908519565,600377
1381,2009-12-16,4.822,0.2712503249285157,4.87,4.789,0.07262316380199885,600377
1382,2009-12-17,4.795,0.25292435664153884,4.822,4.64,0.07881188401348786,600377
1383,2009-12-18,4.593,0.23355861710423703,4.627,4.485,0.0676038467554209,600377
1384,2009-12-21,4.512,0.24759552898362364,4.613,4.505,0.04759730522752036,600377
1385,2009-12-22,4.613,0.23628801663633997,4.627,4.519,0.052006311121151,600377
1386,2009-12-23,4.532,0.24590590070184554,4.607,4.519,0.03718168809545757,600377
1387,2009-12-24,4.62,0.25734338445541977,4.721,4.58,0.06000026525143067,600377
1388,2009-12-25,4.714,0.25994281258123214,4.721,4.654,0.05415704931768197,600377
1389,2009-12-28,4.701,0.26072264101897585,4.755,4.674,0.04818069960519981,600377
1390,2009-12-29,4.714,0.2634520405510788,4.755,4.688,0.05367268496336317,600377
1391,2009-12-30,4.708,0.27397972446061863,4.836,4.708,0.08574128656194865,600377
1392,2009-12-31,4.802,0.27397972446061863,4.849,4.789,0.05161251965160103,600377
1393,2010-01-04,4.843,0.2625422407070444,4.843,4.721,0.05725450014241122,600377
1394,2010-01-05,4.741,0.27397972446061863,4.829,4.64,0.09599562532013949,600377
1395,2010-01-06,4.789,0.2634520405510788,4.795,4.721,0.07215732259228043,600377
1396,2010-01-07,4.735,0.2538341564855731,4.748,4.64,0.08625067303845906,600377
1397,2010-01-08,4.634,0.25994281258123214,4.728,4.62,0.05512134305626953,600377
1398,2010-01-11,4.775,0.26696126852092533,4.809,4.694,0.09168079109365716,600377
1399,2010-01-12,4.768,0.28177800883805565,4.89,4.721,0.1414474952628116,600377
1400,2010-01-13,4.816,0.278268780868209,4.944,4.768,0.1492421191878831,600377
1401,2010-01-14,4.816,0.2835976085261242,4.924,4.816,0.0816730536056947,600377
1402,2010-01-15,4.897,0.28177800883805565,4.903,4.849,0.05959631251398563,600377
1403,2010-01-18,4.876,0.2976345204055108,5.025,4.856,0.20058691059975728,600377
1404,2010-01-19,5.072,0.31596048869248766,5.234,5.072,0.3186549055494801,600377
1405,2010-01-20,5.106,0.3203795165063686,5.355,5.065,0.33556602850623046,600377
1406,2010-01-21,5.139,0.31596048869248766,5.301,5.092,0.23259279812305292,600377
1407,2010-01-22,5.058,0.2967247205614764,5.072,4.91,0.16518531786970414,600377
1408,2010-01-25,4.93,0.2897062646217832,5.079,4.917,0.07952578717569454,600377
1409,2010-01-26,4.964,0.2695606966467377,4.991,4.748,0.13808595731935125,600377
1410,2010-01-27,4.741,0.2651416688328568,4.856,4.694,0.07772314649714793,600377
1411,2010-01-28,4.741,0.2712503249285157,4.809,4.721,0.05006501147445299,600377
1412,2010-01-29,4.789,0.26163244086301013,4.843,4.714,0.07160403097074011,600377
1413,2010-02-01,4.721,0.25903301273719775,4.721,4.586,0.07503273912884847,600377
1414,2010-02-02,4.721,0.2695606966467377,4.924,4.721,0.09993247096557946,600377
1415,2010-02-03,4.789,0.29503509227969843,4.978,4.741,0.14116420758162046,600377
1416,2010-02-04,4.984,0.2906160644658175,5.031,4.924,0.10674144132017563,600377
1417,2010-02-05,4.843,0.2695606966467377,4.978,4.775,0.1170999965822152,600377
1418,2010-02-08,4.816,0.270470496490772,4.856,4.741,0.05444314193219832,600377
1419,2010-02-09,4.789,0.29581492071744214,5.16,4.768,0.18535053394657855,600377
1420,2010-02-10,4.971,0.2923056927475955,5.004,4.883,0.07729080571752105,600377
1421,2010-02-11,4.978,0.28879646477774884,4.991,4.91,0.044142728174895826,600377
1422,2010-02-12,4.951,0.2923056927475955,4.978,4.924,0.05307242923177036,600377
1423,2010-02-22,4.964,0.29581492071744214,5.085,4.951,0.09203981197462871,600377
1424,2010-02-23,5.018,0.30283337665713544,5.045,4.91,0.10929548659025413,600377
1425,2010-02-24,5.045,0.310761632440863,5.112,4.991,0.11070704547068945,600377
1426,2010-02-25,5.126,0.3142708604107097,5.173,5.085,0.12987692301862605,600377
1427,2010-02-26,5.126,0.3133610605666753,5.187,5.079,0.09929149606982797,600377
1428,2010-03-01,5.099,0.32999740057187416,5.254,5.099,0.18646953298886845,600377
1429,2010-03-02,5.261,0.3458539121393293,5.382,5.207,0.2441004657681756,600377
1430,2010-03-03,5.396,0.33701585651156746,5.598,5.261,0.3424919275341982,600377
1431,2010-03-04,5.274,0.31596048869248766,5.369,5.112,0.17451158357549168,600377
1432,2010-03-05,5.16,0.3257083441642839,5.274,5.085,0.12110320800859482,600377
1433,2010-03-08,5.227,0.32297894463218085,5.268,5.146,0.10887418560480909,600377
1434,2010-03-09,5.16,0.31687028853652194,5.193,5.099,0.06395637496725505,600377
1435,2010-03-10,5.146,0.3177800883805562,5.187,5.099,0.06165640373316938,600377
1436,2010-03-11,5.139,0.3247985443202495,5.214,5.106,0.07827252179668703,600377
1437,2010-03-12,5.214,0.31518066025474395,5.247,5.119,0.06522849161513872,600377
1438,2010-03-15,5.133,0.2976345204055108,5.133,4.991,0.056278266914046964,600377
1439,2010-03-16,4.991,0.304652976345204,5.072,4.951,0.06746775985820544,600377
1440,2010-03-17,5.065,0.32128931635040286,5.207,5.045,0.08661040309125245,600377
1441,2010-03-18,5.214,0.3203795165063686,5.214,5.146,0.04759049929496149,600377
1442,2010-03-19,5.173,0.33090720041590843,5.288,5.173,0.09608038722983081,600377
1443,2010-03-22,5.328,0.34403431245126076,5.396,5.288,0.21831195111490223,600377
1444,2010-03-23,5.396,0.3554717962048349,5.537,5.362,0.2981430632215354,600377
1445,2010-03-24,5.463,0.3536521965167663,5.578,5.409,0.25694627713319174,600377
1446,2010-03-25,5.436,0.3396152846373797,5.456,5.295,0.1456817379333012,600377
1447,2010-03-26,5.328,0.3624902521445282,5.558,5.328,0.2097286328620548,600377
1448,2010-03-29,5.51,0.3624902521445282,5.524,5.436,0.1292646854586403,600377
1449,2010-03-30,5.51,0.36340005198856246,5.524,5.463,0.09663722471048035,600377
1450,2010-03-31,5.497,0.3545619963608006,5.497,5.402,0.09829508849083039,600377
1451,2010-04-01,5.436,0.3606706524564595,5.497,5.375,0.15921376300551,600377
1452,2010-04-02,5.47,0.35807122433064725,5.477,5.396,0.10196416355792731,600377
1453,2010-04-06,5.463,0.3554717962048349,5.483,5.416,0.08234529556953162,600377
1454,2010-04-07,5.443,0.35105276839095395,5.443,5.375,0.06276295522228785,600377
1455,2010-04-08,5.396,0.3554717962048349,5.463,5.342,0.08696938163360778,600377
1456,2010-04-09,5.436,0.3606706524564595,5.517,5.396,0.12709468319172496,600377
1457,2010-04-12,5.524,0.3554717962048349,5.537,5.416,0.10591494919276083,600377
1458,2010-04-13,5.429,0.3458539121393293,5.477,5.295,0.13783067663279588,600377
1459,2010-04-14,5.362,0.34936314010917596,5.436,5.342,0.07034408667502241,600377
1460,2010-04-15,5.409,0.3484533402651417,5.429,5.328,0.06918894103912661,600377
1461,2010-04-16,5.396,0.3431245126072264,5.436,5.328,0.07668297137362318,600377
1462,2010-04-19,5.328,0.2976345204055108,5.328,4.978,0.14082252436399487,600377
1463,2010-04-20,5.011,0.31596048869248766,5.166,5.011,0.08392303351866745,600377
1464,2010-04-21,5.166,0.3186898882245906,5.166,5.058,0.10998175322071706,600377
1465,2010-04-22,5.18,0.3054328047829477,5.18,5.025,0.10915074144601976,600377
1466,2010-04-23,5.058,0.30816220431505065,5.146,5.038,0.12090659805947938,600377
1467,2010-04-26,5.079,0.30894203275279436,5.126,5.058,0.04661565265627874,600377
1468,2010-04-27,5.092,0.2923056927475955,5.112,4.836,0.08683433203248994,600377
1469,2010-04-28,4.951,0.30023394853132307,5.031,4.856,0.047620654974370895,600377
1470,2010-04-29,5.031,0.2852872368079022,5.112,4.897,0.056106329793539224,600377
1471,2010-04-30,4.964,0.2852872368079022,4.964,4.809,0.055233709743742455,600377
1472,2010-05-04,4.822,0.29581492071744214,4.984,4.789,0.10343489065454327,600377
1473,2010-05-05,4.91,0.30114374837535746,5.099,4.816,0.14713512736657122,600377
1474,2010-05-06,4.957,0.2695606966467377,4.991,4.762,0.10119561182682248,600377
1475,2010-05-07,4.714,0.25201455679750456,4.748,4.64,0.07222542425648548,600377
1476,2010-05-10,4.613,0.2538341564855731,4.688,4.58,0.0446830959338321,600377
1477,2010-05-11,4.728,0.2651416688328568,4.809,4.647,0.0960682254623189,600377
1478,2010-05-12,4.688,0.26696126852092533,4.829,4.681,0.048572723437522204,600377
1479,2010-05-13,4.789,0.26865089680270343,4.789,4.688,0.0553634458485235,600377
1480,2010-05-14,4.755,0.2651416688328568,4.809,4.714,0.06276655400466734,600377
1481,2010-05-17,4.701,0.23628801663633997,4.701,4.492,0.059151100795025,600377
1482,2010-05-18,4.526,0.24057707304393033,4.586,4.451,0.05107787819050978,600377
1483,2010-05-20,4.559,0.24330647257603327,4.654,4.519,0.0708960657994596,600377
1484,2010-05-21,4.492,0.24681570054587992,4.62,4.458,0.046165243872175944,600377
1485,2010-05-24,4.654,0.26605146867689106,4.762,4.613,0.06872666685782552,600377
1486,2010-05-25,4.789,0.26696126852092533,4.937,4.748,0.0901530232963261,600377
1487,2010-05-26,4.748,0.26865089680270343,4.829,4.721,0.05255670254747961,600377
1488,2010-05-27,4.795,0.27397972446061863,4.822,4.721,0.05888195421165448,600377
1489,2010-05-28,4.836,0.28801663634000524,4.924,4.836,0.09105686807559207,600377
1490,2010-05-31,4.937,0.2835976085261242,4.984,4.883,0.09273617636506234,600377
1491,2010-06-01,4.805,0.24330647257603327,4.813,4.524,0.08148826671516132,600377
1492,2010-06-02,4.622,0.24057707304393033,4.622,4.425,0.052829373820651226,600377
1493,2010-06-03,4.566,0.2414868728879646,4.693,4.524,0.04897215652768475,600377
1494,2010-06-04,4.58,0.24421627242006755,4.608,4.51,0.030997138237667168,600377
1495,2010-06-07,4.517,0.22680010397712508,4.517,4.446,0.027201364861503666,600377
1496,2010-06-08,4.481,0.22770990382115935,4.488,4.432,0.0216966461645093,600377
1497,2010-06-09,4.495,0.23875747335586167,4.552,4.46,0.035403656737594325,600377
1498,2010-06-10,4.545,0.24421627242006755,4.636,4.524,0.04502879073534544,600377
1499,2010-06-11,4.58,0.24421627242006755,4.636,4.566,0.032116550081465314,600377
1500,2010-06-17,4.594,0.23966727319989595,4.622,4.545,0.016421339259554125,600377
1501,2010-06-18,4.545,0.2332986742916558,4.559,4.467,0.03034674299980464,600377
1502,2010-06-21,4.51,0.2469456719521705,4.622,4.481,0.035449022564884164,600377
1503,2010-06-22,4.587,0.24512607226410194,4.665,4.545,0.038483441774701845,600377
1504,2010-06-23,4.58,0.24785547179620487,4.615,4.552,0.030323192144527018,600377
1505,2010-06-24,4.636,0.24421627242006755,4.636,4.559,0.011260611234769858,600377
1506,2010-06-25,4.566,0.2304393033532623,4.587,4.439,0.02267178917350565,600377
1507,2010-06-28,4.481,0.22770990382115935,4.488,4.446,0.01516948163953624,600377
1508,2010-06-29,4.467,0.21497270600467894,4.495,4.333,0.0436970930697729,600377
1509,2010-06-30,4.34,0.20574473615804528,4.369,4.284,0.017856120870991286,600377
1510,2010-07-01,4.27,0.20301533662594223,4.333,4.263,0.016578828327273566,600377
1511,2010-07-02,4.27,0.2304393033532623,4.643,4.263,0.1239983437556717,600377
1512,2010-07-05,4.432,0.2332986742916558,4.587,4.376,0.07390448909891241,600377
1513,2010-07-06,4.503,0.2524044710163765,4.693,4.446,0.12619293417396232,600377
1514,2010-07-07,4.665,0.2469456719521705,4.665,4.58,0.03259244671253823,600377
1515,2010-07-08,4.615,0.24512607226410194,4.65,4.566,0.0296013293224692,600377
1516,2010-07-09,4.587,0.25617364179880425,4.707,4.58,0.051246396467756986,600377
1517,2010-07-12,4.672,0.25708344164283853,4.721,4.636,0.04107268101952107,600377
1518,2010-07-13,4.665,0.2505848713283078,4.665,4.587,0.024601805578978512,600377
1519,2010-07-14,4.643,0.267091239927216,4.77,4.587,0.05954549558985625,600377
1520,2010-07-15,4.763,0.2543540421107356,4.791,4.615,0.036392866751832904,600377
1521,2010-07-19,4.65,0.26527164023914734,4.756,4.622,0.03241251817821718,600377
1522,2010-07-20,4.756,0.2680010397712503,4.784,4.7,0.061025706536507594,600377
1523,2010-07-21,4.763,0.2754094099298154,4.841,4.728,0.07358921459315992,600377
1524,2010-07-22,4.784,0.27631920977384966,4.841,4.784,0.0331643144019492,600377
1525,2010-07-23,4.834,0.2744996100857811,4.862,4.777,0.08869418276621657,600377
1526,2010-07-26,4.827,0.2716402391473876,4.834,4.756,0.02494514000263706,600377
1527,2010-07-27,4.798,0.26982063945931894,4.827,4.749,0.025396628421453703,600377
1528,2010-07-28,4.777,0.2781388094619183,4.869,4.721,0.06430087370285992,600377
1529,2010-07-29,4.841,0.2744996100857811,4.841,4.777,0.03861237344577453,600377
1530,2010-07-30,4.813,0.2680010397712503,4.827,4.742,0.021612254717709976,600377
1531,2010-08-02,4.77,0.27722900961788405,4.848,4.756,0.04232240053941937,600377
1532,2010-08-03,4.848,0.27631920977384966,4.89,4.827,0.052204868646613,600377
1533,2010-08-04,4.798,0.26891083961528467,4.82,4.686,0.04550141670831463,600377
1534,2010-08-05,4.777,0.26891083961528467,4.784,4.693,0.05991476241595533,600377
1535,2010-08-06,4.742,0.2790486093059527,4.862,4.728,0.05513880773546417,600377
1536,2010-08-09,4.855,0.28177800883805565,4.883,4.827,0.07474458250679093,600377
1537,2010-08-10,4.876,0.26436184039511307,4.89,4.735,0.03472845107062134,600377
1538,2010-08-11,4.742,0.26982063945931894,4.805,4.714,0.017356916831684072,600377
1539,2010-08-12,4.756,0.26436184039511307,4.798,4.693,0.04586374000135208,600377
1540,2010-08-13,4.749,0.26436184039511307,4.756,4.672,0.035889566451405494,600377
1541,2010-08-16,4.714,0.2716402391473876,4.805,4.714,0.042557834999617204,600377
1542,2010-08-17,4.798,0.2754094099298154,4.862,4.777,0.051795295457863495,600377
1543,2010-08-18,4.862,0.2835976085261242,4.932,4.805,0.09580174621177084,600377
1544,2010-08-19,4.918,0.2781388094619183,4.932,4.791,0.049461728531799774,600377
1545,2010-08-20,4.827,0.2634520405510788,4.827,4.728,0.02735816592670938,600377
1546,2010-08-23,4.742,0.2589030413309072,4.82,4.693,0.03211398859518343,600377
1547,2010-08-24,4.721,0.26891083961528467,4.791,4.714,0.0497522455317121,600377
1548,2010-08-25,4.742,0.2589030413309072,4.756,4.658,0.03862783762535233,600377
1549,2010-08-26,4.7,0.25708344164283853,4.721,4.643,0.03220274091945439,600377
1550,2010-08-27,4.679,0.25981284117494147,4.714,4.658,0.021939860345439287,600377
1551,2010-08-30,4.707,0.26163244086301013,4.735,4.7,0.08641522207043476,600377
1552,2010-08-31,4.721,0.26436184039511307,4.749,4.693,0.0590740021748712,600377
1553,2010-09-01,4.742,0.26527164023914734,4.756,4.693,0.12375258925776796,600377
1554,2010-09-02,4.77,0.26436184039511307,4.77,4.7,0.07399095513790699,600377
1555,2010-09-03,4.742,0.26072264101897585,4.742,4.686,0.0447402636503959,600377
1556,2010-09-06,4.714,0.28177800883805565,4.89,4.714,0.1593445469910427,600377
1557,2010-09-07,4.876,0.2881466077462958,4.946,4.827,0.10794652535391405,600377
1558,2010-09-08,4.918,0.29373537821679224,5.01,4.876,0.06521098459732785,600377
1559,2010-09-09,4.939,0.29087600727839874,4.953,4.876,0.08357112552522244,600377
1560,2010-09-10,4.946,0.29087600727839874,5.038,4.897,0.0662599238144121,600377
1561,2010-09-13,4.932,0.2928255783727581,5.01,4.89,0.07376232661026803,600377
1562,2010-09-14,5.01,0.28541720821419286,5.017,4.883,0.054636915194026386,600377
1563,2010-09-15,4.925,0.2754094099298154,4.925,4.784,0.043525145364611106,600377
1564,2010-09-16,4.834,0.2725500389914219,4.869,4.7,0.043233008912628004,600377
1565,2010-09-17,4.791,0.26891083961528467,4.805,4.756,0.019584774817676953,600377
1566,2010-09-20,4.777,0.2744996100857811,4.932,4.763,0.032916146602920374,600377
1567,2010-09-21,4.813,0.2790486093059527,4.855,4.777,0.016759730649767886,600377
1568,2010-09-27,4.834,0.2845074083701586,4.904,4.813,0.0294094507137174,600377
1569,2010-09-28,4.869,0.28541720821419286,4.918,4.841,0.0251290166129215,600377
1570,2010-09-29,4.876,0.28541720821419286,4.911,4.848,0.026874426066979967,600377
1571,2010-09-30,4.89,0.29087600727839874,4.953,4.862,0.04735467320256353,600377
1572,2010-10-08,4.953,0.29087600727839874,4.982,4.939,0.09661036085848276,600377
1573,2010-10-11,4.968,0.3166103457239407,5.158,4.925,0.2502815438594352,600377
1574,2010-10-12,5.087,0.31933974525604364,5.249,5.066,0.3137196094868095,600377
1575,2010-10-13,5.165,0.3166103457239407,5.207,5.094,0.16934916200605826,600377
1576,2010-10-14,5.144,0.33493631401091767,5.327,5.123,0.2621871627431524,600377
1577,2010-10-15,5.271,0.3532622822978945,5.482,5.214,0.17656260374614827,600377
1578,2010-10-18,5.44,0.3467637119833637,5.595,5.355,0.1517394730508304,600377
1579,2010-10-19,5.376,0.357811281518066,5.475,5.249,0.0906998900328536,600377
1580,2010-10-20,5.32,0.3422147127631921,5.397,5.242,0.07403011835791921,600377
1581,2010-10-21,5.348,0.3340265141668833,5.376,5.242,0.04513612971214112,600377
1582,2010-10-22,5.235,0.33493631401091767,5.306,5.2,0.04743617503880519,600377
1583,2010-10-25,5.313,0.3367559136989862,5.341,5.249,0.07278007071374513,600377
1584,2010-10-26,5.299,0.32752794385235245,5.299,5.221,0.0428022134924935,600377
1585,2010-10-27,5.221,0.3302573433844554,5.256,5.179,0.08097576835035807,600377
1586,2010-10-28,5.235,0.3367559136989862,5.306,5.186,0.047819339515681576,600377
1587,2010-10-29,5.285,0.35963088120613457,5.566,5.278,0.1693057649244231,600377
1588,2010-11-01,5.482,0.36054068105016895,5.531,5.404,0.08800080324822711,600377
1589,2010-11-02,5.489,0.34494411229529504,5.524,5.334,0.11892598700761234,600377
1590,2010-11-03,5.362,0.33207694307252406,5.411,5.242,0.09122383040869286,600377
1591,2010-11-04,5.249,0.33948531323108916,5.341,5.249,0.07760032217146634,600377
1592,2010-11-05,5.397,0.3504029113595009,5.44,5.313,0.09619967628105724,600377
1593,2010-11-08,5.44,0.35235248245386014,5.496,5.355,0.08041266475450658,600377
1594,2010-11-09,5.419,0.3422147127631921,5.44,5.313,0.07736216745517577,600377
1595,2010-11-10,5.327,0.33493631401091767,5.327,5.193,0.09812820025030801,600377
1596,2010-11-11,5.235,0.3311671432284898,5.299,5.207,0.0996852028621455,600377
1597,2010-11-12,5.214,0.3138809461918379,5.313,5.031,0.11376385122383845,600377
1598,2010-11-15,5.08,0.31933974525604364,5.2,5.08,0.04792941991787811,600377
1599,2010-11-16,5.165,0.3157005458799063,5.278,5.08,0.08247667229569154,600377
1600,2010-11-17,5.08,0.28996620743436446,5.116,4.862,0.05986255890214443,600377
1601,2010-11-18,4.946,0.2991941772809981,5.024,4.939,0.04148442406235233,600377
1602,2010-11-19,5.003,0.2991941772809981,5.038,4.939,0.03624396183855398,600377
1603,2010-11-22,4.982,0.3082921757213413,5.116,4.946,0.0671680871325335,600377
1604,2010-11-23,5.108,0.2872368079022615,5.108,4.89,0.04961978917083831,600377
1605,2010-11-24,4.897,0.2955549779048609,5.01,4.869,0.029403099921282986,600377
1606,2010-11-25,4.975,0.2955549779048609,4.996,4.932,0.04039314622903863,600377
1607,2010-11-26,4.982,0.2881466077462958,4.982,4.897,0.03444245371799151,600377
1608,2010-11-29,4.925,0.2826878086820899,4.939,4.862,0.024387032363500646,600377
1609,2010-11-30,4.883,0.2625422407070444,4.946,4.693,0.0728912095813474,600377
1610,2010-12-01,4.721,0.26436184039511307,4.777,4.721,0.019263001334333243,600377
1611,2010-12-02,4.791,0.2735898102417467,4.925,4.756,0.05177905859853951,600377
1612,2010-12-03,4.813,0.27073043930335333,4.827,4.756,0.016095014374965754,600377
1613,2010-12-06,4.791,0.26982063945931894,4.82,4.749,0.019316983070025776,600377
1614,2010-12-07,4.791,0.2716402391473876,4.827,4.714,0.023790057874665607,600377
1615,2010-12-08,4.798,0.26618144008318173,4.82,4.742,0.019437648126279666,600377
1616,2010-12-09,4.728,0.26163244086301013,4.763,4.707,0.019191025686743204,600377
1617,2010-12-10,4.707,0.26527164023914734,4.756,4.693,0.011841041909313245,600377
1618,2010-12-13,4.77,0.2735898102417467,4.82,4.763,0.03568932596594838,600377
1619,2010-12-14,4.82,0.27631920977384966,4.855,4.805,0.028378505408530652,600377
1620,2010-12-15,4.834,0.2735898102417467,4.855,4.791,0.0432446520320911,600377
1621,2010-12-16,4.798,0.2680010397712503,4.813,4.742,0.017648841590586026,600377
1622,2010-12-17,4.791,0.2716402391473876,4.813,4.749,0.017609678370573797,600377
1623,2010-12-20,4.82,0.26072264101897585,4.82,4.672,0.038376769631111786,600377
1624,2010-12-21,4.721,0.2625422407070444,4.756,4.679,0.029159652877963734,600377
1625,2010-12-22,4.742,0.26163244086301013,4.763,4.707,0.026262633062464628,600377
1626,2010-12-23,4.721,0.2634520405510788,4.763,4.7,0.02042307941901977,600377
1627,2010-12-24,4.749,0.26072264101897585,4.756,4.686,0.025830779176924386,600377
1628,2010-12-27,4.707,0.2469456719521705,4.742,4.601,0.03142053498461557,600377
1629,2010-12-28,4.601,0.23875747335586167,4.629,4.524,0.028400733182051108,600377
1630,2010-12-29,4.531,0.2505848713283078,4.643,4.517,0.01477404954860737,600377
1631,2010-12-30,4.629,0.24330647257603327,4.679,4.552,0.01382354761425655,600377
1632,2010-12-31,4.601,0.25617364179880425,4.686,4.594,0.023945652289308783,600377
1633,2011-01-04,4.7,0.25617364179880425,4.7,4.636,0.025964145818047107,600377
1634,2011-01-05,4.65,0.2534442422667013,4.679,4.629,0.023168738681498647,600377
1635,2011-01-06,4.658,0.2543540421107356,4.693,4.636,0.028396499320428162,600377
1636,2011-01-07,4.665,0.25708344164283853,4.7,4.643,0.030410758987543546,600377
1637,2011-01-10,4.686,0.2505848713283078,4.693,4.629,0.018221471375089136,600377
1638,2011-01-11,4.636,0.24876527164023915,4.643,4.587,0.01966204279229567,600377
1639,2011-01-12,4.629,0.24785547179620487,4.658,4.601,0.017950504231220753,600377
1640,2011-01-13,4.629,0.23966727319989595,4.636,4.524,0.09706338405213771,600377
1641,2011-01-14,4.552,0.24512607226410194,4.594,4.538,0.05169755676229785,600377
1642,2011-01-17,4.573,0.23511827397972446,4.601,4.495,0.03284099555911312,600377
1643,2011-01-18,4.51,0.23420847413569007,4.524,4.467,0.02873626671566938,600377
1644,2011-01-19,4.51,0.24057707304393033,4.566,4.503,0.024409260137021098,600377
1645,2011-01-20,4.545,0.22680010397712508,4.545,4.439,0.0285362167539853,600377
1646,2011-01-21,4.453,0.22225110475695348,4.474,4.355,0.05861356972337609,600377
1647,2011-01-24,4.397,0.21770210553678188,4.411,4.355,0.02792971607649864,600377
1648,2011-01-25,4.383,0.2332986742916558,4.531,4.369,0.055710199115442574,600377
1649,2011-01-26,4.488,0.23134910319729668,4.517,4.46,0.011344621634023116,600377
1650,2011-01-27,4.474,0.23511827397972446,4.594,4.453,0.053575274392073303,600377
1651,2011-01-28,4.51,0.23602807382375873,4.538,4.481,0.028401791647456844,600377
1652,2011-01-31,4.524,0.23875747335586167,4.573,4.488,0.036361451498590665,600377
1653,2011-02-01,4.566,0.236937873667793,4.566,4.51,0.025272967908101577,600377
1654,2011-02-09,4.517,0.2304393033532623,4.531,4.453,0.017698589464655613,600377
1655,2011-02-10,4.481,0.23602807382375873,4.531,4.453,0.02373819306978455,600377
1656,2011-02-11,4.517,0.23875747335586167,4.566,4.517,0.025286727958376144,600377
1657,2011-02-14,4.665,0.26891083961528467,4.925,4.665,0.24390005592825356,600377
1658,2011-02-15,4.728,0.25617364179880425,4.777,4.65,0.12632995252073484,600377
1659,2011-02-16,4.65,0.2589030413309072,4.707,4.65,0.051985459352658005,600377
1660,2011-02-17,4.707,0.2589030413309072,4.714,4.665,0.06073155900025359,600377
1661,2011-02-18,4.693,0.24967507148427343,4.693,4.608,0.06386038273960887,600377
1662,2011-02-21,4.615,0.2524044710163765,4.658,4.594,0.0444216655632694,600377
1663,2011-02-22,4.658,0.236937873667793,4.665,4.51,0.06446370802087832,600377
1664,2011-02-23,4.517,0.2378476735118274,4.566,4.488,0.06543220386712664,600377
1665,2011-02-24,4.545,0.24512607226410194,4.601,4.531,0.03607778276985345,600377
1666,2011-02-25,4.58,0.242396672731999,4.587,4.531,0.02639282430737014,600377
1667,2011-02-28,4.545,0.2469456719521705,4.608,4.538,0.030640445980588234,600377
1668,2011-03-01,4.622,0.24967507148427343,4.636,4.587,0.0333151880608828,600377
1669,2011-03-02,4.601,0.2505848713283078,4.643,4.58,0.041984019733859665,600377
1670,2011-03-03,4.643,0.2579932414868728,4.742,4.622,0.10481770161455878,600377
1671,2011-03-04,4.693,0.26072264101897585,4.721,4.658,0.04288371532873517,600377
1672,2011-03-07,4.721,0.26527164023914734,4.756,4.693,0.07851801167823935,600377
1673,2011-03-08,4.756,0.26163244086301013,4.756,4.7,0.04081864932214446,600377
1674,2011-03-09,4.721,0.25981284117494147,4.735,4.693,0.027986873208408376,600377
1675,2011-03-10,4.693,0.2524044710163765,4.714,4.65,0.05182668954179762,600377
1676,2011-03-11,4.65,0.2514946711723421,4.672,4.629,0.01932333386246019,600377
1677,2011-03-14,4.622,0.24876527164023915,4.636,4.594,0.05755298738682874,600377
1678,2011-03-15,4.622,0.24057707304393033,4.629,4.531,0.05312542659463555,600377
1679,2011-03-16,4.559,0.2524044710163765,4.65,4.559,0.04748698137828051,600377
1680,2011-03-17,4.622,0.24421627242006755,4.622,4.573,0.02977779667491349,600377
1681,2011-03-21,4.672,0.25526384195476987,4.707,4.636,0.0816849401722011,600377
1682,2011-03-22,4.721,0.25981284117494147,4.749,4.665,0.07333470658635073,600377
1683,2011-03-23,4.721,0.267091239927216,4.791,4.707,0.10012023214390295,600377
1684,2011-03-24,4.777,0.26618144008318173,4.805,4.735,0.0745667603186273,600377
1685,2011-03-25,4.763,0.26891083961528467,4.791,4.742,0.09559317560357058,600377
1686,2011-03-28,4.784,0.26982063945931894,4.798,4.777,0.08123509237476335,600377
1687,2011-03-29,4.791,0.26436184039511307,4.791,4.742,0.07429473470935317,600377
1688,2011-03-30,4.756,0.2680010397712503,4.777,4.735,0.053952088076515275,600377
1689,2011-03-31,4.77,0.26436184039511307,4.784,4.735,0.047005379618670684,600377
1690,2011-04-01,4.742,0.26982063945931894,4.791,4.735,0.03540459877180543,600377
1691,2011-04-06,4.784,0.279958409149987,4.89,4.777,0.09465114139246565,600377
1692,2011-04-07,4.848,0.27722900961788405,4.869,4.813,0.07454241561429538,600377
1693,2011-04-08,4.827,0.2781388094619183,4.855,4.805,0.05024957608725116,600377
1694,2011-04-11,4.855,0.2781388094619183,4.869,4.827,0.051870086623432794,600377
1695,2011-04-12,4.827,0.28632700805822714,4.996,4.813,0.13648910348498783,600377
1696,2011-04-13,4.89,0.2881466077462958,4.932,4.869,0.0689590105990386,600377
1697,2011-04-14,4.932,0.28541720821419286,4.946,4.89,0.07368823403186651,600377
1698,2011-04-15,4.911,0.28996620743436446,4.946,4.89,0.06280932659171314,600377
1699,2011-04-18,4.939,0.2881466077462958,4.946,4.897,0.04776641624539479,600377
1700,2011-04-19,4.883,0.28177800883805565,4.925,4.841,0.07896574254486563,600377
1701,2011-04-20,4.862,0.28541720821419286,4.911,4.848,0.042415873619399906,600377
1702,2011-04-21,4.897,0.2835976085261242,4.918,4.855,0.04486833796448994,600377
1703,2011-04-22,4.897,0.28086820899402126,4.904,4.855,0.04691329312837166,600377
1704,2011-04-25,4.869,0.2744996100857811,4.883,4.798,0.055071944475783834,600377
1705,2011-04-26,4.82,0.26891083961528467,4.827,4.749,0.04444918566381853,600377
1706,2011-04-27,4.777,0.2754094099298154,4.834,4.777,0.0459289203010373,600377
1707,2011-04-28,4.827,0.2680010397712503,4.869,4.763,0.06246109147322602,600377
1708,2011-04-29,4.763,0.2754094099298154,4.841,4.749,0.053822955297015494,600377
1709,2011-05-03,4.798,0.2917858071224331,4.989,4.791,0.207357596260628,600377
1710,2011-05-04,4.918,0.2991941772809981,5.158,4.89,0.23247498033874048,600377
1711,2011-05-05,4.975,0.2964647777488952,5.024,4.932,0.06184506460708774,600377
1712,2011-05-06,4.961,0.28996620743436446,4.989,4.925,0.06012399985736119,600377
1713,2011-05-09,4.932,0.2955549779048609,5.003,4.918,0.04526208709542369,600377
1714,2011-05-10,5.01,0.29373537821679224,5.031,4.939,0.0562066193907327,600377
1715,2011-05-12,4.932,0.2754094099298154,4.932,4.827,0.09324655779905414,600377
1716,2011-05-13,4.827,0.28086820899402126,4.876,4.82,0.050366007281882105,600377
1717,2011-05-16,4.862,0.26891083961528467,4.862,4.77,0.05155995625955218,600377
1718,2011-05-17,4.777,0.26618144008318173,4.791,4.7,0.04059954698315713,600377
1719,2011-05-18,4.742,0.26982063945931894,4.798,4.721,0.01991924988588949,600377
1720,2011-05-19,4.784,0.26618144008318173,4.798,4.756,0.01666552722865739,600377
1721,2011-05-20,4.756,0.2680010397712503,4.784,4.742,0.016148996110658283,600377
1722,2011-05-23,4.77,0.25617364179880425,4.77,4.665,0.04120393072983232,600377
1723,2011-05-24,4.679,0.25981284117494147,4.707,4.65,0.016273895028535115,600377
1724,2011-05-25,4.707,0.2514946711723421,4.707,4.629,0.017596976785704967,600377
1725,2011-05-26,4.672,0.2524044710163765,4.672,4.636,0.020490821204986867,600377
1726,2011-05-27,4.65,0.2589030413309072,4.777,4.601,0.0676962613699957,600377
1727,2011-05-30,4.693,0.2634520405510788,4.834,4.672,0.05992924222270579,600377
1728,2011-05-31,4.777,0.27073043930335333,4.82,4.735,0.038168251946181814,600377
1729,2011-06-01,4.791,0.27073043930335333,4.798,4.77,0.03005934847283923,600377
1730,2011-06-02,4.777,0.2735898102417467,4.82,4.77,0.07027891695999125,600377
1731,2011-06-03,4.813,0.2781388094619183,4.869,4.791,0.12146101165434978,600377
1732,2011-06-07,4.811,0.25786327008058224,4.811,4.662,0.05553025999646747,600377
1733,2011-06-08,4.692,0.24824538601507667,4.707,4.573,0.03654774141000018,600377
1734,2011-06-09,4.633,0.23563815960488693,4.633,4.514,0.03320510765868627,600377
1735,2011-06-10,4.514,0.2221211333506628,4.514,4.372,0.0859770173924601,600377
1736,2011-06-13,4.402,0.20860410709643878,4.402,4.298,0.08432581135951213,600377
1737,2011-06-14,4.313,0.210553678190798,4.343,4.268,0.12166741240846828,600377
1738,2011-06-15,4.313,0.1940473095918897,4.313,4.142,0.15232480442020233,600377
1739,2011-06-16,4.142,0.1718221991161945,4.142,4.008,0.10930347800406745,600377
1740,2011-06-17,4.015,0.15830517286197038,4.075,3.874,0.10793382376904521,600377
1741,2011-06-20,3.904,0.15934494411229533,3.941,3.867,0.057420679211111755,600377
1742,2011-06-21,3.919,0.1602547439563296,3.971,3.919,0.04907573795229007,600377
1743,2011-06-22,3.956,0.16415388614504806,3.993,3.941,0.07247629114229893,600377
1744,2011-06-23,3.978,0.16701325708344167,4.0,3.941,0.04167177243916758,600377
1745,2011-06-24,3.993,0.17286197036651935,4.06,3.963,0.0751478578263763,600377
1746,2011-06-27,4.06,0.17377177021055362,4.075,4.008,0.09260301083236672,600377
1747,2011-06-28,4.038,0.17091239927216012,4.045,4.0,0.04212162023660533,600377
1748,2011-06-29,4.023,0.16415388614504806,4.03,3.963,0.038418049781935484,600377
1749,2011-06-30,3.963,0.17091239927216012,4.03,3.956,0.04772936995619403,600377
1750,2011-07-01,4.023,0.17377177021055362,4.075,4.015,0.053726634945093533,600377
1751,2011-07-04,4.06,0.18533922537041853,4.142,4.053,0.06881611776926426,600377
1752,2011-07-05,4.142,0.18533922537041853,4.142,4.097,0.038538714838189374,600377
1753,2011-07-06,4.134,0.18442942552638414,4.134,4.097,0.028931024350324783,600377
1754,2011-07-07,4.119,0.1824798544320249,4.142,4.097,0.040479940392308976,600377
1755,2011-07-08,4.119,0.18157005458799064,4.134,4.097,0.02440820167161536,600377
1756,2011-07-11,4.112,0.1824798544320249,4.127,4.105,0.03275737679205999,600377
1757,2011-07-12,4.105,0.17091239927216012,4.119,4.015,0.03428897623415981,600377
1758,2011-07-13,4.023,0.17572134130491285,4.075,4.023,0.018690371549830134,600377
1759,2011-07-14,4.06,0.17663114114894723,4.082,4.038,0.022405585123963075,600377
1760,2011-07-15,4.06,0.17767091239927219,4.075,4.038,0.02693052473348397,600377
1761,2011-07-18,4.09,0.17767091239927219,4.09,4.06,0.028500228930190278,600377
1762,2011-07-19,4.06,0.17377177021055362,4.067,4.038,0.02294646094629411,600377
1763,2011-07-20,4.053,0.1718221991161945,4.067,4.023,0.02001451177240572,600377
1764,2011-07-21,4.023,0.16506368598908244,4.045,3.971,0.02585089001963337,600377
1765,2011-07-22,3.993,0.1718221991161945,4.038,3.978,0.04296310023416536,600377
1766,2011-07-25,4.03,0.16415388614504806,4.067,3.941,0.05914809475327271,600377
1767,2011-07-26,3.956,0.17663114114894723,4.09,3.941,0.049644133875170235,600377
1768,2011-07-27,4.067,0.18637899662074348,4.179,4.045,0.11086894833915081,600377
1769,2011-07-28,4.112,0.18637899662074348,4.149,4.03,0.06159103290971112,600377
1770,2011-07-29,4.112,0.1883285677151027,4.164,4.075,0.05301428772703328,600377
1771,2011-08-01,4.142,0.18442942552638414,4.157,4.112,0.022889303814384372,600377
1772,2011-08-02,4.119,0.18637899662074348,4.164,4.008,0.043245710497496835,600377
1773,2011-08-03,4.09,0.1824798544320249,4.142,4.09,0.01214799687697665,600377
1774,2011-08-04,4.127,0.17663114114894723,4.142,4.067,0.01815372958912204,600377
1775,2011-08-05,4.015,0.17377177021055362,4.06,3.963,0.04287207220927207,600377
1776,2011-08-08,4.008,0.1602547439563296,4.045,3.8,0.054849666740579305,600377
1777,2011-08-09,3.859,0.15063685989082404,3.904,3.8,0.039532613854175364,600377
1778,2011-08-10,3.911,0.15934494411229533,3.978,3.904,0.0371648267415442,600377
1779,2011-08-11,3.904,0.16701325708344167,4.038,3.874,0.03475364254727786,600377
1780,2011-08-12,4.008,0.17481154146087857,4.09,4.008,0.03460757432128631,600377
1781,2011-08-15,4.045,0.18923836755913698,4.164,4.045,0.03727279021292926,600377
1782,2011-08-16,4.142,0.1911879386534962,4.209,4.127,0.046291973935204705,600377
1783,2011-08-17,4.149,0.18923836755913698,4.194,4.127,0.025656132384977968,600377
1784,2011-08-18,4.134,0.18533922537041853,4.172,4.097,0.02290306386465894,600377
1785,2011-08-19,4.075,0.19209773849753048,4.194,4.053,0.033494068714452166,600377
1786,2011-08-22,4.179,0.18533922537041853,4.179,4.127,0.020686637305048005,600377
1787,2011-08-23,4.112,0.18637899662074348,4.172,4.112,0.009882880908701864,600377
1788,2011-08-24,4.164,0.1796204834936314,4.172,4.075,0.010384593511020673,600377
1789,2011-08-25,4.09,0.18637899662074348,4.149,4.082,0.024671759557643596,600377
1790,2011-08-26,4.134,0.1833896542760592,4.142,4.105,0.006749823307723656,600377
1791,2011-08-29,4.127,0.17767091239927219,4.127,4.067,0.012368157681369714,600377
1792,2011-08-30,4.09,0.17091239927216012,4.097,4.023,0.019964763898336135,600377
1793,2011-08-31,4.045,0.1689628281778009,4.053,3.986,0.01848079539949443,600377
1794,2011-09-01,4.023,0.16415388614504806,4.038,3.941,0.024888744965819453,600377
1795,2011-09-02,3.978,0.15934494411229533,3.978,3.926,0.012222089455378162,600377
1796,2011-09-05,3.934,0.15440603067325182,3.941,3.896,0.014382417348485095,600377
1797,2011-09-06,3.896,0.1573953730179361,3.926,3.874,0.018667085310903945,600377
1798,2011-09-07,3.941,0.16415388614504806,3.986,3.926,0.025854065415850575,600377
1799,2011-09-08,3.986,0.16792305692747594,4.015,3.963,0.013562106659039787,600377
1800,2011-09-09,4.0,0.17091239927216012,4.06,3.971,0.023417478051846578,600377
1801,2011-09-13,3.971,0.17481154146087857,4.06,3.941,0.02433199216240238,600377
1802,2011-09-14,4.053,0.17481154146087857,4.053,3.978,0.02433728448943106,600377
1803,2011-09-15,4.03,0.17481154146087857,4.06,4.03,0.008684698069408848,600377
1804,2011-09-16,4.06,0.1805302833376658,4.134,4.06,0.02303431357497019,600377
1805,2011-09-19,4.097,0.1718221991161945,4.097,4.03,0.0077871194053448205,600377
1806,2011-09-20,4.03,0.17858071224330646,4.097,4.008,0.016890980360079137,600377
1807,2011-09-21,4.082,0.19599688068624904,4.246,4.045,0.06328986988591723,600377
1808,2011-09-22,4.179,0.17286197036651935,4.179,4.015,0.037979845103960824,600377
1809,2011-09-23,3.978,0.15934494411229533,4.015,3.867,0.030899770004993523,600377
1810,2011-09-26,3.934,0.1573953730179361,3.948,3.904,0.007878147430238106,600377
1811,2011-09-27,3.941,0.1631141148947231,3.971,3.919,0.006837675936399735,600377
1812,2011-09-28,3.963,0.1602547439563296,3.993,3.934,0.011029198943113824,600377
1813,2011-09-29,3.904,0.15934494411229533,3.956,3.904,0.007778651682098932,600377
1814,2011-09-30,3.926,0.1602547439563296,3.956,3.904,0.00413541375555603,600377
1815,2011-10-10,4.008,0.16415388614504806,4.075,3.971,0.013003236924811243,600377
1816,2011-10-11,4.045,0.16415388614504806,4.06,3.956,0.010674613032192304,600377
1817,2011-10-12,3.963,0.17572134130491285,4.075,3.956,0.0200610842502581,600377
1818,2011-10-13,4.067,0.17767091239927219,4.082,4.023,0.012935495138844146,600377
1819,2011-10-14,4.075,0.17858071224330646,4.09,4.045,0.016803127731403057,600377
1820,2011-10-17,4.09,0.1805302833376658,4.097,4.06,0.01141553881620742,600377
1821,2011-10-18,4.082,0.17481154146087857,4.09,4.038,0.012396736247324583,600377
1822,2011-10-19,4.06,0.17286197036651935,4.06,4.03,0.008193570121147398,600377
1823,2011-10-20,4.038,0.16506368598908244,4.053,3.963,0.017295314145070243,600377
1824,2011-10-21,3.978,0.1661034572394074,4.015,3.978,0.012555506058184965,600377
1825,2011-10-24,4.015,0.16987262802183517,4.03,3.978,0.008844526345674964,600377
1826,2011-10-25,4.038,0.1805302833376658,4.105,4.015,0.02330951458046152,600377
1827,2011-10-26,4.09,0.18157005458799064,4.157,4.06,0.02936605363208223,600377
1828,2011-10-27,4.105,0.1796204834936314,4.149,4.075,0.024294945873201624,600377
1829,2011-10-28,4.127,0.1883285677151027,4.194,4.112,0.023793233270882817,600377
1830,2011-10-31,4.157,0.17663114114894723,4.157,4.053,0.03505742211872406,600377
1831,2011-11-01,4.045,0.17858071224330646,4.112,4.03,0.014581408844763442,600377
1832,2011-11-02,4.038,0.1824798544320249,4.112,4.03,0.01778432516252022,600377
1833,2011-11-03,4.127,0.18637899662074348,4.172,4.105,0.04338119406943103,600377
1834,2011-11-04,4.149,0.1940473095918897,4.224,4.119,0.05805999231617623,600377
1835,2011-11-07,4.201,0.2056147647517546,4.298,4.201,0.07204867111838165,600377
1836,2011-11-08,4.29,0.2143228489732259,4.38,4.238,0.07343737773070712,600377
1837,2011-11-10,4.32,0.20470496490772033,4.38,4.268,0.04416234153886411,600377
1838,2011-11-11,4.283,0.1998960228749676,4.305,4.231,0.022660675286745424,600377
1839,2011-11-14,4.253,0.2114634780348323,4.343,4.253,0.01726250171749243,600377
1840,2011-11-15,4.335,0.2056147647517546,4.35,4.283,0.018546420254650052,600377
1841,2011-11-16,4.313,0.20080582271900177,4.357,4.238,0.02767039205209335,600377
1842,2011-11-17,4.253,0.202755393813361,4.313,4.253,0.010195128203393949,600377
1843,2011-11-18,4.238,0.20951390694047317,4.35,4.238,0.02973863345490126,600377
1844,2011-11-21,4.305,0.21822199116194435,4.387,4.305,0.02576832971798597,600377
1845,2011-11-22,4.365,0.2134130491291915,4.417,4.343,0.031732782279307654,600377
1846,2011-11-23,4.372,0.210553678190798,4.372,4.32,0.023559312416215186,600377
1847,2011-11-24,4.313,0.20951390694047317,4.357,4.298,0.014699956970205858,600377
1848,2011-11-25,4.298,0.20080582271900177,4.328,4.238,0.011629348828166068,600377
1849,2011-11-28,4.246,0.2056147647517546,4.313,4.201,0.01953185154739016,600377
1850,2011-11-29,4.276,0.20665453600207956,4.313,4.253,0.011921485280149172,600377
1851,2011-11-30,4.313,0.19209773849753048,4.365,4.164,0.039878732041850995,600377
1852,2011-12-01,4.238,0.2114634780348323,4.38,4.238,0.0263769473262841,600377
1853,2011-12-02,4.328,0.21536262022355085,4.38,4.313,0.02401339407527588,600377
1854,2011-12-05,4.35,0.20756433584611383,4.35,4.231,0.007951181543233881,600377
1855,2011-12-06,4.313,0.20860410709643878,4.372,4.305,0.0098426592232839,600377
1856,2011-12-07,4.313,0.2143228489732259,4.372,4.313,0.007447352010103603,600377
1857,2011-12-08,4.365,0.21536262022355085,4.38,4.335,0.00858096845964673,600377
1858,2011-12-09,4.365,0.210553678190798,4.372,4.32,0.008229557944942418,600377
1859,2011-12-12,4.328,0.2114634780348323,4.38,4.268,0.025229570826466406,600377
1860,2011-12-13,4.335,0.20665453600207956,4.335,4.29,0.009123961212789237,600377
1861,2011-12-14,4.298,0.20184559396932672,4.32,4.261,0.008992711502477988,600377
1862,2011-12-15,4.261,0.19885625162464265,4.268,4.231,0.006554007207662518,600377
1863,2011-12-16,4.224,0.19794645178060827,4.253,4.209,0.013026523163737432,600377
1864,2011-12-19,4.231,0.19794645178060827,4.238,4.201,0.025921807201817672,600377
1865,2011-12-20,4.231,0.20665453600207956,4.298,4.216,0.019686387496627596,600377
1866,2011-12-21,4.298,0.20470496490772033,4.343,4.268,0.01717464908881635,600377
1867,2011-12-22,4.268,0.19794645178060827,4.276,4.224,0.01768906327600399,600377
1868,2011-12-23,4.216,0.19885625162464265,4.261,4.179,0.01244330872517696,600377
1869,2011-12-26,4.231,0.19885625162464265,4.32,4.209,0.015185792591438629,600377
1870,2011-12-27,4.238,0.19794645178060827,4.253,4.216,0.01022582370016029,600377
1871,2011-12-28,4.231,0.19599688068624904,4.253,4.201,0.012859285629631163,600377
1872,2011-12-29,4.216,0.1940473095918897,4.216,4.179,0.0029584002243777303,600377
1873,2011-12-30,4.216,0.19794645178060827,4.238,4.201,0.003259004399606721,600377
1874,2012-01-04,4.238,0.19885625162464265,4.261,4.209,0.011839983443907508,600377
1875,2012-01-05,4.238,0.197036651936574,4.298,4.201,0.031137924721284096,600377
1876,2012-01-06,4.224,0.19794645178060827,4.231,4.201,0.007106526149456649,600377
1877,2012-01-09,4.216,0.19508708084221466,4.283,4.201,0.05167956285040034,600377
1878,2012-01-10,4.209,0.19885625162464265,4.238,4.149,0.05987526048701326,600377
1879,2012-01-11,4.246,0.20080582271900177,4.261,4.209,0.023302105322621367,600377
1880,2012-01-12,4.253,0.19794645178060827,4.268,4.224,0.011536203872461312,600377
1881,2012-01-13,4.238,0.19885625162464265,4.253,4.201,0.01867343610333836,600377
1882,2012-01-16,4.231,0.19027813880946182,4.238,4.172,0.008174517743844152,600377
1883,2012-01-17,4.149,0.20470496490772033,4.29,4.149,0.022780281877593577,600377
1884,2012-01-18,4.276,0.19794645178060827,4.298,4.231,0.01087360452847065,600377
1885,2012-01-19,4.238,0.20379516506368595,4.298,4.231,0.017056100963373934,600377
1886,2012-01-20,4.276,0.20665453600207956,4.305,4.253,0.011069420628531787,600377
1887,2012-01-30,4.328,0.2056147647517546,4.328,4.29,0.012678288045250327,600377
1888,2012-01-31,4.298,0.21250324928515724,4.343,4.261,0.012067553506140723,600377
1889,2012-02-01,4.35,0.2143228489732259,4.424,4.32,0.0244240786527014,600377
1890,2012-02-02,4.357,0.21731219131791008,4.387,4.298,0.03428368390713113,600377
1891,2012-02-03,4.409,0.22017156225630358,4.409,4.35,0.02518193988320829,600377
1892,2012-02-06,4.372,0.22783987522745003,4.461,4.372,0.026395999703587348,600377
1893,2012-02-07,4.447,0.2221211333506628,4.461,4.402,0.01610136516740017,600377
1894,2012-02-08,4.424,0.22887964647777487,4.469,4.417,0.020661234135310343,600377
1895,2012-02-09,4.461,0.22407070444502214,4.499,4.395,0.023132750857703627,600377
1896,2012-02-10,4.439,0.2230309331946972,4.447,4.387,0.01696613140388638,600377
1897,2012-02-13,4.432,0.2230309331946972,4.439,4.395,0.012264428071607597,600377
1898,2012-02-14,4.409,0.2230309331946972,4.439,4.409,0.013249859364347702,600377
1899,2012-02-15,4.417,0.22498050428905642,4.447,4.395,0.006846143659645622,600377
1900,2012-02-16,4.439,0.22108136210033785,4.447,4.387,0.016290830475026892,600377
1901,2012-02-17,4.395,0.21731219131791008,4.409,4.365,0.013501774130912842,600377
1902,2012-02-20,4.409,0.21627242006758512,4.424,4.35,0.014090280896501993,600377
1903,2012-02-21,4.372,0.22108136210033785,4.417,4.365,0.010166549637439081,600377
1904,2012-02-22,4.402,0.2230309331946972,4.432,4.38,0.013174708320540456,600377
1905,2012-02-23,4.424,0.22108136210033785,4.432,4.387,0.01625484265123187,600377
1906,2012-02-24,4.409,0.22407070444502214,4.439,4.387,0.02641293515007912,600377
1907,2012-02-27,4.439,0.22498050428905642,4.469,4.417,0.02218119045794707,600377
1908,2012-02-28,4.417,0.23173901741616837,4.499,4.402,0.039242594333003734,600377
1909,2012-02-29,4.484,0.2511047569534702,4.685,4.461,0.13362912995868947,600377
1910,2012-03-01,4.618,0.2414868728879646,4.625,4.551,0.026388590445747196,600377
1911,2012-03-02,4.551,0.2539641278918638,4.685,4.551,0.023531792315666055,600377
1912,2012-03-05,4.655,0.2452560436703925,4.67,4.595,0.03778191207308822,600377
1913,2012-03-06,4.603,0.2452560436703925,4.603,4.521,0.022035122231955518,600377
1914,2012-03-07,4.521,0.2452560436703925,4.633,4.521,0.01993195147075832,600377
1915,2012-03-08,4.595,0.24629581492071745,4.61,4.566,0.007574367858791908,600377
1916,2012-03-09,4.603,0.23953730179360538,4.61,4.528,0.023741368466001757,600377
1917,2012-03-12,4.58,0.2365479594489212,4.58,4.521,0.012298298964591146,600377
1918,2012-03-13,4.528,0.23953730179360538,4.558,4.514,0.01041105514616407,600377
1919,2012-03-14,4.551,0.22108136210033785,4.573,4.313,0.02651878169065271,600377
1920,2012-03-15,4.402,0.2230309331946972,4.447,4.372,0.011916192953120491,600377
1921,2012-03-16,4.424,0.2221211333506628,4.484,4.402,0.023135926253920833,600377
1922,2012-03-19,4.424,0.2230309331946972,4.461,4.402,0.023984815509321012,600377
1923,2012-03-20,4.417,0.21627242006758512,4.424,4.372,0.024021861798521768,600377
1924,2012-03-21,4.372,0.2134130491291915,4.439,4.298,0.046417931318487274,600377
1925,2012-03-22,4.328,0.2192617624122692,4.402,4.313,0.015308574578503991,600377
1926,2012-03-23,4.38,0.21627242006758512,4.402,4.32,0.012283480448910844,600377
1927,2012-03-26,4.387,0.21822199116194435,4.424,4.372,0.015005853472463528,600377
1928,2012-03-27,4.424,0.21536262022355085,4.424,4.343,0.028598666212923715,600377
1929,2012-03-28,4.372,0.210553678190798,4.372,4.298,0.02144555700096063,600377
1930,2012-03-29,4.313,0.20951390694047317,4.343,4.29,0.008413730925540461,600377
1931,2012-03-30,4.313,0.2143228489732259,4.387,4.313,0.0101612573104104,600377
1932,2012-04-05,4.357,0.22017156225630358,4.409,4.357,0.008914385062453534,600377
1933,2012-04-06,4.395,0.22017156225630358,4.409,4.372,0.00607028851724122,600377
1934,2012-04-09,4.409,0.22693007538341564,4.536,4.395,0.021161888272223414,600377
1935,2012-04-10,4.454,0.22978944632180914,4.491,4.395,0.021097321882473527,600377
1936,2012-04-11,4.461,0.22783987522745003,4.491,4.439,0.012715334334451083,600377
1937,2012-04-12,4.461,0.23277878866649332,4.506,4.454,0.01460998741071831,600377
1938,2012-04-13,4.484,0.2308292175721341,4.514,4.469,0.010865136805224763,600377
1939,2012-04-16,4.484,0.2308292175721341,4.491,4.454,0.007038784363489552,600377
1940,2012-04-17,4.484,0.22693007538341564,4.491,4.447,0.008068671203270565,600377
1941,2012-04-18,4.461,0.22978944632180914,4.476,4.439,0.01953926080523031,600377
1942,2012-04-19,4.476,0.22693007538341564,4.476,4.417,0.016055851154953525,600377
1943,2012-04-20,4.447,0.22783987522745003,4.469,4.432,0.009505008758854155,600377
1944,2012-04-23,4.461,0.22498050428905642,4.469,4.424,0.012886805730180296,600377
1945,2012-04-24,4.439,0.22783987522745003,4.469,4.409,0.016424197116149612,600377
1946,2012-04-25,4.461,0.22887964647777487,4.484,4.447,0.019863151219385488,600377
1947,2012-04-26,4.476,0.2308292175721341,4.491,4.461,0.011866445079050906,600377
1948,2012-04-27,4.491,0.22693007538341564,4.491,4.454,0.010072346216328586,600377
1949,2012-05-02,4.476,0.23472835976085266,4.528,4.469,0.02212720872225454,600377
1950,2012-05-03,4.514,0.2414868728879646,4.566,4.506,0.02952799883915982,600377
1951,2012-05-04,4.551,0.24330647257603327,4.61,4.528,0.03807404852507132,600377
1952,2012-05-07,4.566,0.2414868728879646,4.595,4.558,0.018664968380092472,600377
1953,2012-05-08,4.566,0.23953730179360538,4.588,4.551,0.012355456096500883,600377
1954,2012-05-09,4.543,0.2365479594489212,4.551,4.521,0.014747587913463976,600377
1955,2012-05-10,4.528,0.23849753054328054,4.551,4.514,0.010948755572277896,600377
1956,2012-05-11,4.543,0.2336885885105277,4.543,4.506,0.006804863508821922,600377
1957,2012-05-14,4.536,0.23472835976085266,4.551,4.506,0.00780511331724233,600377
1958,2012-05-15,4.514,0.2336885885105277,4.514,4.476,0.009795028280025786,600377
1959,2012-05-16,4.506,0.22783987522745003,4.521,4.461,0.012979950685885052,600377
1960,2012-05-17,4.461,0.23563815960488693,4.58,4.461,0.014593051964226536,600377
1961,2012-05-18,4.491,0.22887964647777487,4.603,4.461,0.051591710221724256,600377
1962,2012-05-21,4.469,0.22498050428905642,4.484,4.417,0.022564354934823456,600377
1963,2012-05-22,4.461,0.22887964647777487,4.484,4.454,0.008528045189359937,600377
1964,2012-05-23,4.476,0.22602027553938137,4.476,4.432,0.006725478603391731,600377
1965,2012-05-24,4.439,0.22498050428905642,4.469,4.424,0.0072938745262719,600377
1966,2012-05-25,4.447,0.22693007538341564,4.491,4.432,0.01484390826538594,600377
1967,2012-05-28,4.447,0.2308292175721341,4.484,4.439,0.006361366503818588,600377
1968,2012-05-29,4.476,0.23472835976085266,4.521,4.461,0.01476134796373854,600377
1969,2012-05-30,4.514,0.2336885885105277,4.521,4.491,0.006345489522732551,600377
1970,2012-05-31,4.506,0.23472835976085266,4.521,4.454,0.013883880142383495,600377
1971,2012-06-01,4.506,0.23173901741616837,4.521,4.461,0.017459376282959304,600377
1972,2012-06-04,4.469,0.22407070444502214,4.476,4.432,0.008810655452691416,600377
1973,2012-06-05,4.432,0.22407070444502214,4.454,4.424,0.007509801469042019,600377
1974,2012-06-06,4.432,0.22602027553938137,4.447,4.424,0.005264796343476215,600377
1975,2012-06-07,4.447,0.2230309331946972,4.476,4.424,0.006673613798510673,600377
1976,2012-06-08,4.454,0.22498050428905642,4.461,4.417,0.009086914923588481,600377
1977,2012-06-11,4.439,0.22407070444502214,4.454,4.417,0.011702382941161844,600377
1978,2012-06-12,4.432,0.21731219131791008,4.432,4.372,0.016739619807058903,600377
1979,2012-06-13,4.387,0.21627242006758512,4.409,4.357,0.01758639213164761,600377
1980,2012-06-14,4.372,0.20665453600207956,4.38,4.29,0.03962787574069159,600377
1981,2012-06-15,4.305,0.20470496490772033,4.313,4.231,0.047799228672972593,600377
1982,2012-06-18,4.29,0.20379516506368595,4.32,4.276,0.038023242185595996,600377
1983,2012-06-20,4.283,0.20860410709643878,4.343,4.283,0.039284932949233166,600377
1984,2012-06-21,4.305,0.20665453600207956,4.328,4.283,0.015835690350560462,600377
1985,2012-06-25,4.298,0.210553678190798,4.357,4.268,0.02156410512640305,600377
1986,2012-06-26,4.305,0.2114634780348323,4.335,4.298,0.010053293839025342,600377
1987,2012-06-27,4.328,0.21250324928515724,4.357,4.32,0.011213371923711867,600377
1988,2012-06-28,4.387,0.2134130491291915,4.395,4.335,0.030735707867104462,600377
1989,2012-06-29,4.357,0.21536262022355085,4.372,4.335,0.01757580747759025,600377
1990,2012-07-02,4.372,0.21822199116194435,4.395,4.365,0.01870095620388749,600377
1991,2012-07-03,4.387,0.21822199116194435,4.402,4.365,0.04063553480695215,600377
1992,2012-07-04,4.38,0.19976605146867693,4.38,4.174,0.05493540243844391,600377
1993,2012-07-05,4.229,0.19768650896802703,4.237,4.174,0.02846635803720673,600377
1994,2012-07-06,4.205,0.20080582271900177,4.261,4.19,0.01251316744195553,600377
1995,2012-07-09,4.197,0.19664673771770208,4.253,4.134,0.03829209239865291,600377
1996,2012-07-10,4.221,0.19053808162204317,4.229,4.134,0.030658439892485744,600377
1997,2012-07-11,4.166,0.18325968286976874,4.166,4.11,0.05414790417657641,600377
1998,2012-07-12,4.118,0.17403171302313486,4.126,3.976,0.07541247417781027,600377
1999,2012-07-13,4.015,0.17819079802443455,4.094,3.999,0.06137933982856395,600377
2000,2012-07-16,4.079,0.17195217052248496,4.079,3.96,0.04048311578852619,600377
2001,2012-07-17,3.999,0.1729919417728099,4.039,3.96,0.044057553463696254,600377
2002,2012-07-18,3.999,0.17195217052248496,4.039,3.976,0.04883440783978229,600377
2003,2012-07-19,4.015,0.17195217052248496,4.039,3.984,0.04187182240085166,600377
2004,2012-07-20,4.023,0.17819079802443455,4.094,3.999,0.06825195570800703,600377
2005,2012-07-23,4.063,0.16779308552118538,4.071,3.992,0.0301143886739375,600377
2006,2012-07-24,4.007,0.17091239927216012,4.031,3.976,0.025693178674178724,600377
2007,2012-07-25,4.007,0.16883285677151022,4.039,3.992,0.02274323558839282,600377
2008,2012-07-26,4.015,0.16779308552118538,4.023,3.984,0.021495304875030218,600377
2009,2012-07-27,3.999,0.16987262802183517,4.015,3.984,0.023603767963256094,600377
2010,2012-07-30,4.007,0.16779308552118538,4.023,3.992,0.02075014522939216,600377
2011,2012-07-31,3.999,0.17091239927216012,4.031,3.976,0.027987931673814113,600377
2012,2012-08-01,4.023,0.1729919417728099,4.047,3.999,0.020173281583266103,600377
2013,2012-08-02,4.031,0.17403171302313486,4.055,4.007,0.021922924898947514,600377
2014,2012-08-03,4.047,0.17403171302313486,4.047,4.015,0.01790816561499132,600377
2015,2012-08-06,4.047,0.17819079802443455,4.079,4.023,0.016893097290890606,600377
2016,2012-08-07,4.087,0.17611125552378476,4.087,4.039,0.027941359195961735,600377
2017,2012-08-08,4.071,0.17091239927216012,4.071,4.007,0.029131074312008863,600377
2018,2012-08-09,4.023,0.17091239927216012,4.031,3.999,0.020040973407549116,600377
2019,2012-08-10,4.023,0.16987262802183517,4.031,4.007,0.02181813682377966,600377
2020,2012-08-13,4.023,0.16987262802183517,4.047,3.999,0.028822002413533988,600377
2021,2012-08-14,3.999,0.17091239927216012,4.031,3.999,0.01682853090114072,600377
2022,2012-08-15,4.015,0.16779308552118538,4.031,3.984,0.01895816329748131,600377
2023,2012-08-16,3.992,0.166883285677151,4.007,3.976,0.01524718358497131,600377
2024,2012-08-17,3.992,0.16584351442682604,3.999,3.968,0.017057159428779667,600377
2025,2012-08-20,3.984,0.1648037431765012,3.992,3.952,0.0138309568720967,600377
2026,2012-08-21,3.968,0.1648037431765012,3.984,3.968,0.016428430977772555,600377
2027,2012-08-22,3.976,0.1606446581752014,3.976,3.936,0.01685075867466117,600377
2028,2012-08-23,3.944,0.16168442942552635,3.968,3.936,0.01674597059949332,600377
2029,2012-08-24,3.96,0.1524564595788926,3.96,3.873,0.024436780237570233,600377
2030,2012-08-27,3.889,0.1441382895762932,3.889,3.801,0.022016069854652272,600377
2031,2012-08-28,3.809,0.14309851832596832,3.817,3.77,0.019496922189000874,600377
2032,2012-08-29,3.801,0.13387054847933455,3.801,3.738,0.019083062215358146,600377
2033,2012-08-30,3.73,0.1297114634780348,3.73,3.675,0.02659604966527143,600377
2034,2012-08-31,3.706,0.13075123472835976,3.722,3.683,0.015611295684544455,600377
2035,2012-09-03,3.722,0.1328307772290096,3.754,3.714,0.017859476206327468,600377
2036,2012-09-04,3.722,0.12880166363400047,3.722,3.651,0.024588140790590463,600377
2037,2012-09-05,3.675,0.12152326488172599,3.675,3.643,0.02211874099900865,600377
2038,2012-09-06,3.667,0.11944372238107615,3.667,3.619,0.018779282643911946,600377
2039,2012-09-07,3.651,0.1359500909799844,3.778,3.651,0.04446823804112178,600377
2040,2012-09-10,3.762,0.13387054847933455,3.77,3.722,0.020717332801814346,600377
2041,2012-09-11,3.738,0.12776189238367558,3.738,3.683,0.026761170268566226,600377
2042,2012-09-12,3.691,0.1359500909799844,3.762,3.691,0.03266952416338391,600377
2043,2012-09-13,3.754,0.1359500909799844,3.778,3.738,0.018510432430855032,600377
2044,2012-09-14,3.754,0.14010917598128408,3.794,3.738,0.023932950704439952,600377
2045,2012-09-17,3.794,0.1297114634780348,3.801,3.683,0.019014261963985313,600377
2046,2012-09-18,3.714,0.1328307772290096,3.738,3.699,0.014101924015965087,600377
2047,2012-09-19,3.706,0.12568234988302568,3.722,3.659,0.010676729963003775,600377
2048,2012-09-20,3.691,0.1297114634780348,3.746,3.675,0.020699338889916836,600377
2049,2012-09-21,3.706,0.13491031972965944,3.746,3.691,0.014942345548119377,600377
2050,2012-09-24,3.73,0.13491031972965944,3.754,3.706,0.012690989630119156,600377
2051,2012-09-25,3.746,0.1328307772290096,3.746,3.722,0.008720685893203867,600377
2052,2012-09-26,3.738,0.12672212113335063,3.746,3.683,0.006625982855252559,600377
2053,2012-09-27,3.683,0.13387054847933455,3.746,3.667,0.01851466629247798,600377
2054,2012-09-28,3.738,0.14010917598128408,3.801,3.738,0.014614221272341252,600377
2055,2012-10-08,3.786,0.14309851832596832,3.825,3.778,0.0251290166129215,600377
2056,2012-10-09,3.809,0.14933714582791785,3.865,3.801,0.02340689339778922,600377
2057,2012-10-10,3.857,0.14933714582791785,3.873,3.825,0.011364732476732099,600377
2058,2012-10-11,3.865,0.147257603327268,3.865,3.833,0.006576234981182972,600377
2059,2012-10-12,3.841,0.1503769170782428,3.865,3.817,0.01561447108076166,600377
2060,2012-10-15,3.865,0.1482973745775929,3.865,3.817,0.008451835680146954,600377
2061,2012-10-16,3.841,0.147257603327268,3.865,3.825,0.0038538619576302864,600377
2062,2012-10-17,3.841,0.1482973745775929,3.865,3.841,0.00919276146416207,600377
2063,2012-10-18,3.849,0.1524564595788926,3.904,3.849,0.009695532531886613,600377
2064,2012-10-19,3.881,0.15141668832856775,3.889,3.857,0.006938230149944644,600377
2065,2012-10-22,3.857,0.15141668832856775,3.881,3.841,0.0037649508635484723,600377
2066,2012-10-23,3.873,0.15141668832856775,3.897,3.857,0.005269030205099159,600377
2067,2012-10-24,3.873,0.15349623082921754,3.889,3.857,0.00794377228539373,600377
2068,2012-10-25,3.889,0.15141668832856775,3.904,3.865,0.005162125199119835,600377
2069,2012-10-26,3.873,0.1462178320769431,3.873,3.809,0.009914634870873941,600377
2070,2012-10-29,3.809,0.1482973745775929,3.865,3.809,0.004323820597777018,600377
2071,2012-10-30,3.849,0.13698986223030934,3.857,3.746,0.018883012253674062,600377
2072,2012-10-31,3.762,0.14010917598128408,3.794,3.754,0.011694973683321694,600377
2073,2012-11-01,3.778,0.14517806082661816,3.865,3.778,0.01604420803549043,600377
2074,2012-11-02,3.825,0.147257603327268,3.849,3.801,0.012499407391680963,600377
2075,2012-11-05,3.841,0.14933714582791785,3.865,3.817,0.008697399654277677,600377
2076,2012-11-06,3.833,0.1482973745775929,3.857,3.801,0.007780768612910405,600377
2077,2012-11-07,3.841,0.1482973745775929,3.865,3.841,0.010467153812668072,600377
2078,2012-11-08,3.841,0.1462178320769431,3.857,3.825,0.010254402266115159,600377
2079,2012-11-09,3.841,0.14517806082661816,3.841,3.809,0.007480164437681415,600377
2080,2012-11-12,3.825,0.1462178320769431,3.841,3.825,0.003860212750064701,600377
2081,2012-11-13,3.841,0.1462178320769431,3.865,3.825,0.009379051375571585,600377
2082,2012-11-14,3.841,0.1441382895762932,3.841,3.817,0.003595596398630731,600377
2083,2012-11-15,3.825,0.14114894723160903,3.825,3.786,0.00990193328600511,600377
2084,2012-11-16,3.794,0.14010917598128408,3.801,3.762,0.009026582395461537,600377
2085,2012-11-19,3.801,0.1441382895762932,3.817,3.786,0.00808031432273366,600377
2086,2012-11-20,3.817,0.1441382895762932,3.825,3.801,0.0031288131547012074,600377
2087,2012-11-21,3.817,0.14517806082661816,3.825,3.801,0.005353707437558029,600377
2088,2012-11-22,3.809,0.1462178320769431,3.833,3.801,0.006827091282342376,600377
2089,2012-11-23,3.833,0.1524564595788926,3.889,3.833,0.01850619856923209,600377
2090,2012-11-26,3.881,0.1545360020795425,3.904,3.857,0.015378433295282561,600377
2091,2012-11-27,3.897,0.1462178320769431,3.904,3.817,0.011395427973498438,600377
2092,2012-11-28,3.825,0.14114894723160903,3.833,3.778,0.011380609457818136,600377
2093,2012-11-29,3.794,0.15349623082921754,3.904,3.794,0.018420462871367484,600377
2094,2012-11-30,3.889,0.14933714582791785,3.889,3.849,0.012804245428532897,600377
2095,2012-12-03,3.857,0.1482973745775929,3.865,3.841,0.007946947681610937,600377
2096,2012-12-04,3.849,0.15141668832856775,3.873,3.817,0.01047032920888528,600377
2097,2012-12-05,3.865,0.15856511567455162,3.944,3.849,0.04740442107663311,600377
2098,2012-12-06,3.92,0.15141668832856775,3.92,3.865,0.029877292423052662,600377
2099,2012-12-07,3.873,0.1545360020795425,3.897,3.865,0.062489670039180885,600377
2100,2012-12-10,3.897,0.15960488692487645,3.952,3.889,0.03640061471860289,600377
2101,2012-12-11,3.936,0.1606446581752014,3.96,3.912,0.026473267678206066,600377
2102,2012-12-12,3.944,0.16168442942552635,3.96,3.912,0.026890303048066003,600377
2103,2012-12-13,3.944,0.15856511567455162,3.976,3.92,0.030609750483821894,600377
2104,2012-12-14,3.92,0.16987262802183517,4.015,3.912,0.0623309002283205,600377
2105,2012-12-17,4.015,0.17611125552378476,4.071,4.007,0.04970023254167424,600377
2106,2012-12-18,4.055,0.16987262802183517,4.071,4.007,0.0441030674761429,600377
2107,2012-12-19,4.023,0.17403171302313486,4.071,4.023,0.031969878530192494,600377
2108,2012-12-20,4.039,0.17403171302313486,4.063,4.007,0.032128648341052876,600377
2109,2012-12-21,4.047,0.1729919417728099,4.079,4.015,0.04353784694947994,600377
2110,2012-12-24,4.039,0.16987262802183517,4.055,3.999,0.037119312729097555,600377
2111,2012-12-25,4.015,0.18014036911879389,4.11,3.999,0.044330637538376114,600377
2112,2012-12-26,4.087,0.18014036911879389,4.118,4.079,0.017676361691135158,600377
2113,2012-12-27,4.102,0.18014036911879389,4.118,4.087,0.02322483734800265,600377
2114,2012-12-28,4.087,0.1822199116194438,4.118,4.055,0.02887492568382078,600377
2115,2012-12-31,4.11,0.18429945412009358,4.166,4.11,0.05539477642453328,600377
2116,2013-01-04,4.166,0.19352742396672734,4.229,4.126,0.07356121818317822,600377
2117,2013-01-07,4.197,0.19976605146867693,4.261,4.174,0.06351532301733896,600377
2118,2013-01-08,4.245,0.19261762412269307,4.253,4.182,0.038492142360336996,600377
2119,2013-01-09,4.182,0.19261762412269307,4.213,4.166,0.023014202732261207,600377
2120,2013-01-10,4.182,0.19352742396672734,4.229,4.182,0.019234422768378376,600377
2121,2013-01-11,4.197,0.18845853912139338,4.237,4.142,0.030731474005481516,600377
2122,2013-01-14,4.134,0.19560696646737713,4.221,4.134,0.027757186215363692,600377
2123,2013-01-15,4.213,0.19560696646737713,4.229,4.19,0.035135748558748514,600377
2124,2013-01-16,4.205,0.19352742396672734,4.213,4.158,0.03405928924111512,600377
2125,2013-01-17,4.19,0.19352742396672734,4.205,4.158,0.021372522887964856,600377
2126,2013-01-18,4.205,0.19352742396672734,4.205,4.174,0.045163649812690256,600377
2127,2013-01-21,4.197,0.1945671952170523,4.221,4.182,0.017707057187901498,600377
2128,2013-01-22,4.213,0.19352742396672734,4.221,4.158,0.04284878597034588,600377
2129,2013-01-23,4.197,0.19261762412269307,4.197,4.166,0.012452834913828583,600377
2130,2013-01-24,4.182,0.18637899662074348,4.213,4.134,0.024099129773140486,600377
2131,2013-01-25,4.142,0.18845853912139338,4.166,4.134,0.010856669081978874,600377
2132,2013-01-28,4.158,0.19157785287236812,4.19,4.118,0.029554460474303216,600377
2133,2013-01-29,4.182,0.19053808162204317,4.182,4.126,0.026480676936046218,600377
2134,2013-01-30,4.174,0.20392513646997662,4.316,4.158,0.05690838195473559,600377
2135,2013-01-31,4.253,0.19872628021835198,4.269,4.221,0.02609433706295262,600377
2136,2013-02-01,4.245,0.20288536521965167,4.3,4.213,0.06219753358719778,600377
2137,2013-02-04,4.277,0.20184559396932672,4.292,4.245,0.06782751108030695,600377
2138,2013-02-05,4.253,0.2069144788146608,4.308,4.253,0.04673123707858509,600377
2139,2013-02-06,4.308,0.21627242006758512,4.419,4.308,0.07519866416585162,600377
2140,2013-02-07,4.34,0.22654016116454373,4.459,4.34,0.06550417951471668,600377
2141,2013-02-08,4.475,0.22757993241486868,4.506,4.443,0.032335049095171375,600377
2142,2013-02-18,4.467,0.22654016116454373,4.475,4.403,0.037780853607682484,600377
2143,2013-02-19,4.443,0.21419287756693522,4.459,4.356,0.046380885029286514,600377
2144,2013-02-20,4.372,0.2192617624122692,4.395,4.34,0.016942845164960193,600377
2145,2013-02-21,4.388,0.2069144788146608,4.388,4.253,0.03994435689700662,600377
2146,2013-02-22,4.277,0.20184559396932672,4.3,4.253,0.01954984545928767,600377
2147,2013-02-25,4.269,0.20392513646997662,4.3,4.253,0.015281054477954857,600377
2148,2013-02-26,4.269,0.19872628021835198,4.3,4.229,0.013285847188142722,600377
2149,2013-02-27,4.245,0.20080582271900177,4.277,4.205,0.011489631394608932,600377
2150,2013-02-28,4.277,0.20899402131531059,4.332,4.253,0.024158403835861694,600377
2151,2013-03-01,4.316,0.20496490772030157,4.332,4.261,0.026185365087845906,600377
2152,2013-03-04,4.3,0.20080582271900177,4.3,4.245,0.01855488797789594,600377
2153,2013-03-05,4.245,0.20496490772030157,4.3,4.237,0.02768521056777365,600377
2154,2013-03-06,4.3,0.20392513646997662,4.316,4.261,0.030117564070154704,600377
2155,2013-03-07,4.285,0.20795425006498564,4.316,4.253,0.036775311472233396,600377
2156,2013-03-08,4.292,0.21003379256563554,4.348,4.292,0.023060775210113585,600377
2157,2013-03-11,4.356,0.2069144788146608,4.364,4.292,0.012134236826702083,600377
2158,2013-03-12,4.292,0.20496490772030157,4.324,4.245,0.019014261963985313,600377
2159,2013-03-13,4.277,0.20184559396932672,4.277,4.229,0.01867555303414983,600377
2160,2013-03-14,4.237,0.20080582271900177,4.261,4.213,0.010114684832558023,600377
2161,2013-03-15,4.253,0.20392513646997662,4.316,4.237,0.04192686260194993,600377
2162,2013-03-18,4.277,0.2069144788146608,4.372,4.269,0.06432504905272692,600377
2163,2013-03-19,4.308,0.20392513646997662,4.34,4.245,0.039315628445999506,600377
2164,2013-03-20,4.261,0.20795425006498564,4.316,4.253,0.06641340129824382,600377
2165,2013-03-21,4.3,0.20795425006498564,4.308,4.277,0.03305480557107177,600377
2166,2013-03-22,4.292,0.2069144788146608,4.308,4.277,0.023098879964720077,600377
2167,2013-03-25,4.316,0.2069144788146608,4.332,4.285,0.034650971402921484,600377
2168,2013-03-26,4.3,0.20184559396932672,4.3,4.253,0.026292270093825232,600377
2169,2013-03-27,4.261,0.20392513646997662,4.285,4.261,0.020922675090527105,600377
2170,2013-03-28,4.269,0.20080582271900177,4.277,4.229,0.025200992260511538,600377
2171,2013-03-29,4.253,0.20587470756433585,4.308,4.237,0.01842363826758469,600377
2172,2013-04-01,4.277,0.20288536521965167,4.292,4.245,0.02393824303146863,600377
2173,2013-04-02,4.269,0.19976605146867693,4.277,4.229,0.020316174413040445,600377
2174,2013-04-03,4.253,0.20184559396932672,4.308,4.245,0.07585808811362507,600377
2175,2013-04-08,4.237,0.20899402131531059,4.324,4.221,0.09499408418392408,600377
2176,2013-04-09,4.308,0.20795425006498564,4.316,4.292,0.015868502778138276,600377
2177,2013-04-10,4.316,0.21211333506628544,4.364,4.308,0.025713289516887703,600377
2178,2013-04-11,4.34,0.21315310631661027,4.372,4.324,0.018078578545314795,600377
2179,2013-04-12,4.356,0.21003379256563554,4.356,4.316,0.010014130619013113,600377
2180,2013-04-15,4.332,0.21627242006758512,4.372,4.316,0.023335976215604914,600377
2181,2013-04-16,4.38,0.21419287756693522,4.38,4.324,0.03434930876228676,600377
2182,2013-04-17,4.356,0.21627242006758512,4.372,4.332,0.013092148018893057,600377
2183,2013-04-18,4.364,0.21627242006758512,4.38,4.34,0.012102482864530008,600377
2184,2013-04-19,4.372,0.21835196256823491,4.395,4.356,0.023429121171309672,600377
2185,2013-04-22,4.372,0.2192617624122692,4.395,4.364,0.008915443527859269,600377
2186,2013-04-23,4.388,0.21003379256563554,4.403,4.3,0.023784765547636928,600377
2187,2013-04-24,4.324,0.2192617624122692,4.411,4.316,0.02958198057485235,600377
2188,2013-04-25,4.372,0.21211333506628544,4.372,4.308,0.02909614495361958,600377
2189,2013-04-26,4.356,0.20795425006498564,4.364,4.308,0.01236392381974677,600377
2190,2013-05-02,4.324,0.22030153366259414,4.419,4.316,0.04193956418681876,600377
2191,2013-05-03,4.403,0.223420847413569,4.443,4.38,0.017626613817065574,600377
2192,2013-05-06,4.419,0.22446061866389383,4.467,4.419,0.011065186766908843,600377
2193,2013-05-07,4.451,0.22238107616324404,4.459,4.403,0.006951990200219209,600377
2194,2013-05-08,4.427,0.22965947491551858,4.475,4.419,0.011918309883931964,600377
2195,2013-05-09,4.483,0.24304652976345203,4.593,4.451,0.059767297015628204,600377
2196,2013-05-10,4.57,0.2481154146087861,4.641,4.546,0.042149140337154466,600377
2197,2013-05-13,4.617,0.2564335846113855,4.728,4.617,0.05464749984808375,600377
2198,2013-05-14,4.688,0.2583831557057447,4.712,4.633,0.017928276457700298,600377
2199,2013-05-15,4.688,0.25734338445541977,4.704,4.617,0.01796108888527811,600377
2200,2013-05-16,4.673,0.25734338445541977,4.704,4.625,0.01619556858851066,600377
2201,2013-05-17,4.681,0.2543540421107356,4.688,4.641,0.009670129362148953,600377
2202,2013-05-20,4.673,0.2625422407070444,4.728,4.649,0.02005049959620074,600377
2203,2013-05-21,4.728,0.27384975305432807,4.823,4.712,0.03498015414410534,600377
2204,2013-05-22,4.815,0.27073043930335333,4.831,4.784,0.01865226679522364,600377
2205,2013-05-23,4.784,0.2646217832076943,4.784,4.744,0.016554388361055127,600377
2206,2013-05-24,4.712,0.26566155445801926,4.768,4.712,0.007095941495399289,600377
2207,2013-05-27,4.752,0.26358201195736936,4.791,4.728,0.005278556393750782,600377
2208,2013-05-28,4.744,0.26566155445801926,4.752,4.712,0.008875221842441305,600377
2209,2013-05-29,4.76,0.2717702105536783,4.807,4.744,0.016021980261969975,600377
2210,2013-05-30,4.784,0.2769690668053029,4.855,4.776,0.018504081638420617,600377
2211,2013-05-31,4.839,0.2769690668053029,4.871,4.823,0.011071537559343259,600377
2212,2013-06-03,4.839,0.2913958929035612,4.966,4.823,0.047558957025870555,600377
2213,2013-06-04,4.942,0.27800883805562776,4.95,4.807,0.029938683416585343,600377
2214,2013-06-05,4.831,0.2564335846113855,4.831,4.681,0.02946872477643861,600377
2215,2013-06-06,4.673,0.2646217832076943,4.76,4.641,0.031304103789984626,600377
2216,2013-06-07,4.728,0.2646217832076943,4.744,4.665,0.013295373376794345,600377
2217,2013-06-13,4.696,0.23472835976085266,4.696,4.498,0.02689453690968895,600377
2218,2013-06-14,4.514,0.22654016116454373,4.53,4.435,0.02769791215264248,600377
2219,2013-06-17,4.435,0.2316090460098778,4.49,4.403,0.015937303029511105,600377
2220,2013-06-18,4.475,0.22446061866389383,4.49,4.403,0.015086296843299455,600377
2221,2013-06-19,4.435,0.20587470756433585,4.443,4.285,0.026307088609505532,600377
2222,2013-06-20,4.316,0.20392513646997662,4.356,4.253,0.019571014767402386,600377
2223,2013-06-21,4.221,0.19261762412269307,4.253,4.134,0.04010524363867848,600377
2224,2013-06-24,4.166,0.1792305692747595,4.19,4.055,0.01707197794445997,600377
2225,2013-06-25,4.094,0.18637899662074348,4.15,3.96,0.025542876586564227,600377
2226,2013-06-26,4.142,0.1945671952170523,4.205,4.102,0.018070110822068906,600377
2227,2013-06-27,4.229,0.19664673771770208,4.277,4.205,0.024780781494434394,600377
2228,2013-06-28,4.205,0.20288536521965167,4.292,4.197,0.014915883912975979,600377
2229,2013-07-01,4.3,0.21211333506628544,4.356,4.277,0.013547288143359485,600377
2230,2013-07-02,4.348,0.20496490772030157,4.348,4.277,0.021991725150320347,600377
2231,2013-07-03,4.292,0.19560696646737713,4.3,4.174,0.03967762361476118,600377
2232,2013-07-04,4.19,0.20496490772030157,4.292,4.174,0.035920071424398806,600377
2233,2013-07-05,4.225,0.20262542240707043,4.318,4.191,0.03236680305734345,600377
2234,2013-07-08,4.267,0.2015856511567456,4.284,4.208,0.0159489461489742,600377
2235,2013-07-09,4.259,0.20041590850012997,4.267,4.233,0.008198862448176077,600377
2236,2013-07-10,4.259,0.20262542240707043,4.284,4.242,0.012379800800832808,600377
2237,2013-07-11,4.267,0.2126332206914479,4.403,4.267,0.038823442032332324,600377
2238,2013-07-12,4.344,0.21042370678450745,4.369,4.301,0.012002987116390834,600377
2239,2013-07-15,4.318,0.2114634780348323,4.361,4.31,0.011813521808764112,600377
2240,2013-07-16,4.335,0.21367299194177286,4.352,4.318,0.012267603467824805,600377
2241,2013-07-17,4.352,0.21367299194177286,4.369,4.327,0.02188799554055823,600377
2242,2013-07-18,4.352,0.2192617624122692,4.412,4.335,0.024229321018046,600377
2243,2013-07-19,4.395,0.20821419287756687,4.403,4.301,0.015407011861237429,600377
2244,2013-07-22,4.293,0.21042370678450745,4.327,4.225,0.01699576843524699,600377
2245,2013-07-23,4.301,0.2180920197556538,4.386,4.301,0.01979540943341839,600377
2246,2013-07-24,4.386,0.21705224850532884,4.395,4.361,0.007385961016570922,600377
2247,2013-07-25,4.378,0.2158825058487132,4.395,4.361,0.008045384964344374,600377
2248,2013-07-26,4.361,0.21705224850532884,4.378,4.352,0.005325128871603161,600377
2249,2013-07-29,4.378,0.2158825058487132,4.395,4.344,0.020665467996933286,600377
2250,2013-07-30,4.369,0.2158825058487132,4.378,4.352,0.002527604804243227,600377
2251,2013-07-31,4.361,0.2180920197556538,4.395,4.361,0.008674113415351488,600377
2252,2013-08-01,4.386,0.22472056147647518,4.454,4.378,0.016793601542751436,600377
2253,2013-08-02,4.598,0.2390174161684429,4.734,4.53,0.05144352506492124,600377
2254,2013-08-05,4.488,0.23238887444762152,4.496,4.446,0.01898462493262471,600377
2255,2013-08-06,4.479,0.23355861710423703,4.53,4.463,0.010769874918708533,600377
2256,2013-08-07,4.53,0.23017936054068106,4.539,4.471,0.007850627329688973,600377
2257,2013-08-08,4.496,0.22809981804003115,4.496,4.454,0.005446852393262787,600377
2258,2013-08-09,4.463,0.22809981804003115,4.479,4.454,0.005183294507234553,600377
2259,2013-08-12,4.454,0.2357681310111776,4.53,4.454,0.011639933482223428,600377
2260,2013-08-13,4.539,0.2390174161684429,4.556,4.505,0.008178751605467096,600377
2261,2013-08-14,4.547,0.2357681310111776,4.547,4.513,0.006012072919925747,600377
2262,2013-08-15,4.513,0.2357681310111776,4.53,4.513,0.004883748797411299,600377
2263,2013-08-16,4.513,0.23134910319729668,4.615,4.488,0.016245316462580248,600377
2264,2013-08-19,4.471,0.2357681310111776,4.522,4.463,0.004947256721755451,600377
2265,2013-08-20,4.522,0.2357681310111776,4.564,4.496,0.021023229304072015,600377
2266,2013-08-21,4.505,0.23355861710423703,4.53,4.496,0.005244685500767234,600377
2267,2013-08-22,4.496,0.23134910319729668,4.522,4.479,0.006084048567515788,600377
2268,2013-08-23,4.496,0.23238887444762152,4.522,4.463,0.009778092833534013,600377
2269,2013-08-26,4.496,0.23680790226150245,4.547,4.471,0.016712099706509772,600377
2270,2013-08-27,4.53,0.2522744996100858,4.666,4.53,0.046492023896888786,600377
2271,2013-08-28,4.632,0.2534442422667013,4.7,4.564,0.046977859518121556,600377
2272,2013-08-29,4.666,0.2633220691447881,4.836,4.624,0.06446688341709553,600377
2273,2013-08-30,4.709,0.27761892383675596,4.963,4.666,0.09729095411437093,600377
2274,2013-09-02,4.887,0.2600727839875227,4.887,4.658,0.04979443596278473,600377
2275,2013-09-03,4.675,0.26228229789446317,4.759,4.641,0.027633345762892593,600377
2276,2013-09-04,4.709,0.26657135430205353,4.759,4.675,0.023369847108588464,600377
2277,2013-09-05,4.751,0.26111255523784765,4.785,4.683,0.021099438813285,600377
2278,2013-09-06,4.692,0.2655315830517287,4.759,4.675,0.012733328246348593,600377
2279,2013-09-09,4.717,0.27216012477254997,4.836,4.717,0.02819433242793261,600377
2280,2013-09-10,4.776,0.2798284377436963,4.938,4.768,0.050554414124103095,600377
2281,2013-09-11,4.844,0.2731998960228749,4.87,4.793,0.029120489657951505,600377
2282,2013-09-12,4.802,0.2886664933714583,5.099,4.726,0.08536839978416197,600377
2283,2013-09-13,4.844,0.2699506108656096,4.938,4.768,0.040783719963755176,600377
2284,2013-09-16,4.759,0.2699506108656096,4.819,4.751,0.01949798065440661,600377
2285,2013-09-17,4.793,0.2633220691447881,4.819,4.726,0.020160579998397272,600377
2286,2013-09-18,4.726,0.26228229789446317,4.776,4.683,0.026923115475643817,600377
2287,2013-09-23,4.709,0.2655315830517287,4.759,4.7,0.013033932421577583,600377
2288,2013-09-24,4.759,0.2600727839875227,4.802,4.7,0.030100628623662935,600377
2289,2013-09-25,4.717,0.2500649857031452,4.717,4.615,0.04561243914472227,600377
2290,2013-09-26,4.632,0.2522744996100858,4.7,4.624,0.029244330110422604,600377
2291,2013-09-27,4.649,0.27436963867949055,4.844,4.624,0.058901472313736256,600377
2292,2013-09-30,4.768,0.2699506108656096,4.819,4.768,0.009235100080391506,600377
2293,2013-10-08,4.819,0.2754094099298154,4.895,4.802,0.02859019848967783,600377
2294,2013-10-09,4.827,0.27216012477254997,4.827,4.768,0.018496672380580465,600377
2295,2013-10-10,4.81,0.2731998960228749,4.819,4.776,0.008088782045979546,600377
2296,2013-10-11,4.802,0.27761892383675596,4.861,4.793,0.015208020364959081,600377
2297,2013-10-14,4.853,0.2798284377436963,4.87,4.827,0.009292257212301243,600377
2298,2013-10-15,4.861,0.2798284377436963,4.887,4.836,0.010997444980941747,600377
2299,2013-10-16,4.878,0.276579152586431,4.904,4.81,0.014282921600345923,600377
2300,2013-10-17,4.861,0.276579152586431,4.878,4.827,0.014353838782530227,600377
2301,2013-10-18,4.844,0.276579152586431,4.861,4.776,0.01521331269198776,600377
2302,2013-10-21,4.844,0.2820379516506369,4.878,4.81,0.015382667156905503,600377
2303,2013-10-22,4.853,0.27436963867949055,4.861,4.793,0.009304958797170073,600377
2304,2013-10-23,4.81,0.26657135430205353,4.836,4.751,0.014119917927862597,600377
2305,2013-10-24,4.759,0.2754094099298154,4.827,4.759,0.01463750751126744,600377
2306,2013-10-25,4.836,0.268780868208994,4.861,4.751,0.020384974664413278,600377
2307,2013-10-28,4.793,0.27436963867949055,4.827,4.793,0.005200229953726326,600377
2308,2013-10-29,4.827,0.27099038211593446,4.844,4.751,0.011023906616085145,600377
2309,2013-10-30,4.802,0.2820379516506369,4.887,4.793,0.030074166988519533,600377
2310,2013-10-31,4.878,0.2898362360280738,4.946,4.853,0.025854065415850575,600377
2311,2013-11-01,4.938,0.28541720821419286,4.972,4.836,0.017206403050988427,600377
2312,2013-11-04,4.921,0.2832076943072523,4.921,4.853,0.008026332587041128,600377
2313,2013-11-05,4.887,0.28099818040031194,4.887,4.836,0.007446293544697866,600377
2314,2013-11-06,4.87,0.2864569794645178,4.921,4.836,0.01201992256288261,600377
2315,2013-11-07,4.887,0.28541720821419286,4.938,4.878,0.028275834264174272,600377
2316,2013-11-08,4.912,0.27761892383675596,4.929,4.836,0.010925469333351708,600377
2317,2013-11-11,4.827,0.2832076943072523,4.895,4.819,0.006099925548601826,600377
2318,2013-11-12,4.878,0.2886664933714583,4.929,4.853,0.030646796773022646,600377
2319,2013-11-13,4.921,0.27216012477254997,4.921,4.793,0.013405453778990876,600377
2320,2013-11-14,4.793,0.2731998960228749,4.827,4.793,0.012979950685885052,600377
2321,2013-11-15,4.819,0.2798284377436963,4.87,4.793,0.017400102220238096,600377
2322,2013-11-18,4.87,0.2886664933714583,4.938,4.844,0.021856241578386153,600377
2323,2013-11-19,4.929,0.28541720821419286,4.938,4.887,0.023989049370943955,600377
2324,2013-11-20,4.895,0.2832076943072523,4.912,4.861,0.017544053515418174,600377
2325,2013-11-21,4.887,0.29425526384195483,4.972,4.861,0.036616541661373014,600377
2326,2013-11-22,4.98,0.28424746555757724,4.997,4.878,0.04959438600110065,600377
2327,2013-11-25,4.904,0.2886664933714583,4.929,4.87,0.030086868573388364,600377
2328,2013-11-26,4.904,0.2876267221211333,4.946,4.895,0.020248432627073352,600377
2329,2013-11-27,4.929,0.2876267221211333,4.938,4.887,0.02220341823146752,600377
2330,2013-11-28,4.912,0.2898362360280738,4.955,4.912,0.021681594786439735,600377
2331,2013-11-29,4.929,0.29087600727839874,4.955,4.921,0.01798966745123298,600377
2332,2013-12-02,4.929,0.2876267221211333,5.005,4.912,0.05994300227298036,600377
2333,2013-12-03,4.921,0.29087600727839874,4.946,4.912,0.040068197349477724,600377
2334,2013-12-04,4.946,0.2964647777488952,4.997,4.929,0.044629124782793635,600377
2335,2013-12-05,4.989,0.2930855211853392,5.014,4.955,0.032147700718356126,600377
2336,2013-12-06,4.972,0.29425526384195483,4.997,4.955,0.011633582689789012,600377
2337,2013-12-09,4.963,0.29087600727839874,4.989,4.938,0.015157214025483761,600377
2338,2013-12-10,4.946,0.2864569794645178,4.972,4.912,0.01885549215312493,600377
2339,2013-12-11,4.904,0.28099818040031194,4.921,4.853,0.017339769692111148,600377
2340,2013-12-12,4.853,0.2731998960228749,4.878,4.802,0.03287698338290814,600377
2341,2013-12-13,4.802,0.276579152586431,4.836,4.793,0.008238025668188305,600377
2342,2013-12-16,4.802,0.26228229789446317,4.819,4.726,0.030227644472351236,600377
2343,2013-12-17,4.751,0.26436184039511307,4.785,4.709,0.010299916278561801,600377
2344,2013-12-18,4.751,0.2589030413309072,4.751,4.7,0.010447042969959089,600377
2345,2013-12-19,4.709,0.2534442422667013,4.726,4.658,0.021500597202058897,600377
2346,2013-12-20,4.658,0.25448401351702626,4.692,4.641,0.013716642608277227,600377
2347,2013-12-23,4.675,0.2522744996100858,4.683,4.624,0.007424065771177412,600377
2348,2013-12-24,4.675,0.25786327008058224,4.717,4.658,0.00922874928795709,600377
2349,2013-12-25,4.717,0.2589030413309072,4.717,4.675,0.004754616017911521,600377
2350,2013-12-26,4.717,0.2522744996100858,4.717,4.649,0.0046021969994855545,600377
2351,2013-12-27,4.641,0.2556537561736418,4.692,4.641,0.006614339735789463,600377
2352,2013-12-30,4.692,0.25448401351702626,4.726,4.666,0.01160606258923988,600377
2353,2013-12-31,4.675,0.2633220691447881,4.802,4.641,0.034323905592549095,600377
2354,2014-01-02,4.751,0.26436184039511307,4.751,4.717,0.010016247549824586,600377
2355,2014-01-03,4.742,0.25786327008058224,4.751,4.692,0.015366790175819463,600377
2356,2014-01-06,4.683,0.24681570054587992,4.683,4.598,0.011107525383138278,600377
2357,2014-01-07,4.598,0.24785547179620487,4.666,4.581,0.009564282821575364,600377
2358,2014-01-08,4.624,0.2522744996100858,4.675,4.59,0.00988923170113628,600377
2359,2014-01-09,4.624,0.25448401351702626,4.726,4.624,0.00778182707831614,600377
2360,2014-01-10,4.649,0.24902521445282028,4.675,4.615,0.005149423614251004,600377
2361,2014-01-13,4.598,0.24681570054587992,4.683,4.598,0.00612956257996243,600377
2362,2014-01-14,4.649,0.24343644398232395,4.649,4.564,0.01401618831810048,600377
2363,2014-01-15,4.607,0.2357681310111776,4.607,4.513,0.008764082974839039,600377
2364,2014-01-16,4.505,0.23680790226150245,4.53,4.454,0.018769756455260325,600377
2365,2014-01-17,4.522,0.23238887444762152,4.522,4.471,0.0070969999608050255,600377
2366,2014-01-20,4.496,0.23134910319729668,4.513,4.479,0.004496350458911965,600377
2367,2014-01-21,4.488,0.24122693007538337,4.573,4.488,0.015942595356539784,600377
2368,2014-01-22,4.556,0.2556537561736418,4.675,4.53,0.014222589072218976,600377
2369,2014-01-23,4.675,0.2522744996100858,4.675,4.632,0.004140706082584709,600377
2370,2014-01-24,4.649,0.2534442422667013,4.692,4.641,0.013227631590827248,600377
2371,2014-01-27,4.649,0.24460618663893946,4.649,4.581,0.007333037746284127,600377
2372,2014-01-28,4.59,0.2456459578892643,4.624,4.581,0.004516461301620948,600377
2373,2014-01-29,4.615,0.25123472835976085,4.683,4.615,0.014839674403762994,600377
2374,2014-01-30,4.641,0.2556537561736418,4.683,4.615,0.005054161727734775,600377
2375,2014-02-07,4.615,0.26228229789446317,4.734,4.615,0.018929584731526443,600377
2376,2014-02-10,4.692,0.26774109695866904,4.768,4.692,0.015762656237564687,600377
2377,2014-02-11,4.759,0.26436184039511307,4.768,4.734,0.012689931164713422,600377
2378,2014-02-12,4.751,0.2655315830517287,4.785,4.734,0.009351531275022452,600377
2379,2014-02-13,4.751,0.2589030413309072,4.751,4.692,0.010640742139208756,600377
2380,2014-02-14,4.7,0.26228229789446317,4.726,4.683,0.006700075433654069,600377
2381,2014-02-17,4.726,0.26228229789446317,4.734,4.692,0.008932378974351044,600377
2382,2014-02-18,4.709,0.25786327008058224,4.734,4.666,0.007124520061354158,600377
2383,2014-02-19,4.675,0.2589030413309072,4.709,4.666,0.007811464109676746,600377
2384,2014-02-20,4.7,0.27099038211593446,4.921,4.683,0.0410705640887096,600377
2385,2014-02-21,4.734,0.2589030413309072,4.742,4.641,0.02969735330407756,600377
2386,2014-02-24,4.658,0.2534442422667013,4.692,4.624,0.010139029536889948,600377
2387,2014-02-25,4.641,0.24343644398232395,4.675,4.573,0.015781708614867933,600377
2388,2014-02-26,4.615,0.2456459578892643,4.615,4.547,0.011882322060136945,600377
2389,2014-02-27,4.607,0.24681570054587992,4.649,4.581,0.008546039101257447,600377
2390,2014-02-28,4.607,0.2566935274239667,4.709,4.573,0.01596482313006024,600377
2391,2014-03-03,4.683,0.2566935274239667,4.734,4.666,0.023598475636227415,600377
2392,2014-03-04,4.666,0.2556537561736418,4.717,4.624,0.008740796735912848,600377
2393,2014-03-05,4.675,0.2522744996100858,4.675,4.632,0.009911459474656733,600377
2394,2014-03-06,4.649,0.2534442422667013,4.675,4.632,0.007083239910530458,600377
2395,2014-03-07,4.666,0.2566935274239667,4.709,4.649,0.011195378011814357,600377
2396,2014-03-10,4.658,0.24902521445282028,4.666,4.581,0.009420331526395284,600377
2397,2014-03-11,4.59,0.2456459578892643,4.624,4.573,0.012030507216939967,600377
2398,2014-03-12,4.598,0.24018715882505853,4.598,4.53,0.012479296548971982,600377
2399,2014-03-13,4.556,0.24122693007538337,4.59,4.539,0.013628789979601147,600377
2400,2014-03-14,4.556,0.2357681310111776,4.556,4.488,0.02162655458534147,600377
2401,2014-03-17,4.522,0.23355861710423703,4.53,4.479,0.022264809225000202,600377
2402,2014-03-18,4.505,0.23355861710423703,4.539,4.496,0.02645209837009135,600377
2403,2014-03-19,4.505,0.23355861710423703,4.513,4.471,0.021627613050747202,600377
2404,2014-03-20,4.513,0.2291395892903561,4.53,4.471,0.016606253165936183,600377
2405,2014-03-21,4.471,0.23797764491811796,4.539,4.471,0.03516009326308044,600377
2406,2014-03-24,4.547,0.24343644398232395,4.59,4.513,0.07415819267201325,600377
2407,2014-03-25,4.564,0.242396672731999,4.598,4.547,0.07775485812070378,600377
2408,2014-03-26,4.581,0.23797764491811796,4.59,4.522,0.07515526708421645,600377
2409,2014-03-27,4.547,0.23355861710423703,4.547,4.496,0.04945466856754351,600377
2410,2014-03-28,4.496,0.23134910319729668,4.53,4.479,0.04688259763160532,600377
2411,2014-03-31,4.496,0.23355861710423703,4.513,4.488,0.03326332325600174,600377
2412,2014-04-01,4.496,0.23459838835456198,4.53,4.496,0.03614975841744349,600377
2413,2014-04-02,4.513,0.2357681310111776,4.53,4.505,0.03829209239865291,600377
2414,2014-04-03,4.539,0.23680790226150245,4.564,4.513,0.05844950758548703,600377
2415,2014-04-04,4.53,0.23680790226150245,4.53,4.496,0.041640018476995506,600377
2416,2014-04-08,4.522,0.24018715882505853,4.581,4.513,0.09943858042260904,600377
2417,2014-04-09,4.556,0.24122693007538337,4.581,4.539,0.036575261510549316,600377
2418,2014-04-10,4.564,0.30075383415648554,5.022,4.539,0.29939857254720303,600377
2419,2014-04-11,5.481,0.34819339745256034,5.523,5.243,0.9999999999999999,600377
2420,2014-04-14,5.184,0.3162204315050689,5.226,5.039,0.5012786209178018,600377
2421,2014-04-15,5.124,0.31842994541200936,5.328,5.039,0.5085915584060311,600377
2422,2014-04-16,5.09,0.3162204315050689,5.192,5.048,0.2697721258406557,600377
2423,2014-04-17,5.124,0.30413309072004163,5.133,4.955,0.28036630608666613,600377
2424,2014-04-18,5.014,0.30192357681310106,5.056,4.972,0.12270682543690091,600377
2425,2014-04-21,4.946,0.2731998960228749,5.022,4.793,0.19793725414957866,600377
2426,2014-04-22,4.827,0.276579152586431,4.861,4.759,0.16066339488658962,600377
2427,2014-04-23,4.836,0.2655315830517287,4.836,4.717,0.1424567314425267,600377
2428,2014-04-24,4.726,0.26436184039511307,4.793,4.717,0.11851847782640403,600377
2429,2014-04-25,4.742,0.2556537561736418,4.785,4.649,0.12823413178565368,600377
2430,2014-04-28,4.666,0.2456459578892643,4.666,4.581,0.10183177070497787,600377
2431,2014-04-29,4.607,0.25123472835976085,4.658,4.59,0.06859489849946546,600377
2432,2014-04-30,4.793,0.2589030413309072,4.827,4.683,0.12485127634892182,600377
2433,2014-05-05,4.666,0.2566935274239667,4.7,4.564,0.0893312942632371,600377
2434,2014-05-06,4.658,0.24902521445282028,4.683,4.624,0.08353407923602169,600377
2435,2014-05-07,4.615,0.25123472835976085,4.692,4.607,0.0985378263623278,600377
2436,2014-05-08,4.641,0.2534442422667013,4.709,4.632,0.056098655919347644,600377
2437,2014-05-09,4.675,0.25448401351702626,4.683,4.641,0.04931283420317491,600377
2438,2014-05-12,4.7,0.2633220691447881,4.776,4.666,0.10774647539222997,600377
2439,2014-05-13,4.734,0.2655315830517287,4.81,4.726,0.07976276699538475,600377
2440,2014-05-14,4.751,0.26436184039511307,4.793,4.717,0.07172266377341499,600377
2441,2014-05-15,4.734,0.25786327008058224,4.759,4.666,0.052689338847472365,600377
2442,2014-05-16,4.675,0.2655315830517287,4.759,4.675,0.044392028531908795,600377
2443,2014-05-19,4.759,0.26436184039511307,4.776,4.683,0.03643660254239791,600377
2444,2014-05-20,4.768,0.2633220691447881,4.776,4.717,0.022686078456483086,600377
2445,2014-05-21,4.717,0.26657135430205353,4.768,4.7,0.03959612177851952,600377
2446,2014-05-22,4.751,0.26657135430205353,4.793,4.742,0.05142023882599504,600377
2447,2014-05-23,4.751,0.2787886664933715,4.878,4.751,0.08099058686603837,600377
2448,2014-05-26,4.887,0.28099818040031194,4.904,4.827,0.040213207110063535,600377
2449,2014-05-27,4.87,0.2832076943072523,4.887,4.802,0.04989287324551817,600377
2450,2014-05-28,4.87,0.2832076943072523,4.895,4.844,0.026111272509444394,600377
2451,2014-05-29,4.878,0.2832076943072523,4.904,4.861,0.03409845246112735,600377
2452,2014-05-30,4.87,0.2876267221211333,4.929,4.836,0.044266071148626226,600377
2453,2014-06-03,4.921,0.2798284377436963,4.938,4.861,0.036548799875405914,600377
2454,2014-06-04,4.87,0.276579152586431,4.887,4.802,0.04906727022904418,600377
2455,2014-06-05,4.819,0.28424746555757724,4.895,4.819,0.0302117674912652,600377
2456,2014-06-06,4.904,0.2952950350922798,4.989,4.887,0.06788678514302815,600377
2457,2014-06-09,4.989,0.29425526384195483,4.989,4.929,0.03387617472592282,600377
2458,2014-06-10,4.963,0.2952950350922798,4.989,4.938,0.020450599519568905,600377
2459,2014-06-11,4.98,0.2964647777488952,4.997,4.955,0.031144275513718508,600377
2460,2014-06-12,4.98,0.2997140629061607,5.031,4.98,0.027499979121769873,600377
2461,2014-06-13,4.98,0.29750454899922013,5.065,4.98,0.03486583988028587,600377
2462,2014-06-16,5.005,0.30075383415648554,5.056,4.972,0.03393333185783255,600377
2463,2014-06-17,5.022,0.2997140629061607,5.031,4.972,0.022084870106025105,600377
2464,2014-06-18,4.989,0.2964647777488952,4.997,4.946,0.02684796443183657,600377
2465,2014-06-19,4.972,0.2898362360280738,4.98,4.938,0.030051939214999084,600377
2466,2014-06-20,4.963,0.2964647777488952,4.997,4.946,0.022568588796446402,600377
2467,2014-06-23,4.989,0.30075383415648554,5.022,4.972,0.05357315746126183,600377
2468,2014-06-24,5.014,0.2985443202495451,5.039,4.989,0.03743791081622406,600377
2469,2014-06-25,5.005,0.30413309072004163,5.048,4.997,0.04787755511299705,600377
2470,2014-06-26,5.031,0.29750454899922013,5.048,4.997,0.06620700054412532,600377
2471,2014-06-27,5.024,0.29867429165583576,5.024,4.97,0.05206272732727672,600377
2472,2014-06-30,5.006,0.3010137769690668,5.033,4.979,0.032527689799015304,600377
2473,2014-07-01,5.024,0.29750454899922013,5.024,4.988,0.020327817532503543,600377
2474,2014-07-02,4.997,0.29750454899922013,5.006,4.97,0.043227716585599325,600377
2475,2014-07-03,4.988,0.29867429165583576,5.006,4.979,0.04849464044454107,600377
2476,2014-07-04,5.006,0.29750454899922013,5.024,4.979,0.04512342812727229,600377
2477,2014-07-07,4.997,0.30569274759552895,5.069,4.988,0.03701029079230676,600377
2478,2014-07-08,5.06,0.3105016896282818,5.106,5.033,0.024459008011090685,600377
2479,2014-07-09,5.097,0.30816220431505065,5.106,5.06,0.03852283785710334,600377
2480,2014-07-10,5.069,0.3198596308812061,5.215,5.06,0.04568864865393525,600377
2481,2014-07-11,5.187,0.32336885885105277,5.26,5.142,0.0340233014173201,600377
2482,2014-07-14,5.206,0.3600207954250065,5.605,5.196,0.12322970734733443,600377
2483,2014-07-15,5.441,0.3587210813621003,5.478,5.351,0.04863859173972115,600377
2484,2014-07-16,5.441,0.3600207954250065,5.541,5.405,0.04405967039450773,600377
2485,2014-07-17,5.478,0.35521185339225364,5.478,5.387,0.03376186046210334,600377
2486,2014-07-18,5.396,0.38120613465037695,5.659,5.396,0.09897179717867952,600377
2487,2014-07-21,5.586,0.36469976605146875,5.623,5.441,0.07721821615999569,600377
2488,2014-07-22,5.45,0.3575513387054848,5.496,5.396,0.1227713918266508,600377
2489,2014-07-23,5.414,0.3693787366779308,5.641,5.414,0.1147566917744187,600377
2490,2014-07-24,5.523,0.38237587730699246,5.668,5.514,0.10507385024274687,600377
2491,2014-07-25,5.668,0.38939433324668565,5.75,5.605,0.08403155797671755,600377
2492,2014-07-28,5.795,0.3929035612165323,5.849,5.695,0.10168464401358057,600377
2493,2014-07-29,5.704,0.38237587730699246,5.713,5.595,0.06429858741758351,600377
2494,2014-07-30,5.641,0.3800363919937613,5.659,5.605,0.04219994667662979,600377
2495,2014-07-31,5.623,0.38237587730699246,5.65,5.586,0.04055932529773917,600377
2496,2014-08-01,5.632,0.3752274499610086,5.668,5.577,0.037932214160702714,600377
2497,2014-08-04,5.605,0.383545619963608,5.659,5.55,0.05257714151446436,600377
2498,2014-08-05,5.641,0.38822459059007025,5.741,5.614,0.08116840905420199,600377
2499,2014-08-06,5.677,0.38120613465037695,5.677,5.577,0.03555595932482566,600377
2500,2014-08-07,5.641,0.37171822199116195,5.641,5.55,0.04080065541024695,600377
2501,2014-08-08,5.559,0.3752274499610086,5.632,5.55,0.03691608737119627,600377
2502,2014-08-11,5.632,0.3953730179360541,5.849,5.632,0.11707049715135734,600377
2503,2014-08-12,5.768,0.39888224590590077,5.84,5.713,0.05166156893850283,600377
2504,2014-08-13,5.759,0.4012217312191318,5.804,5.686,0.04289747537900973,600377
2505,2014-08-14,5.759,0.3905640759033013,5.84,5.713,0.03804335302830498,600377
2506,2014-08-15,5.722,0.3942032752794385,5.759,5.695,0.027282993713594016,600377
2507,2014-08-18,5.75,0.3953730179360541,5.777,5.731,0.03040758359132634,600377
2508,2014-08-19,5.75,0.3847153626202236,5.759,5.614,0.07630793591106283,600377
2509,2014-08-20,5.65,0.38237587730699246,5.659,5.568,0.060022387178410554,600377
2510,2014-08-21,5.65,0.3776969066805303,5.65,5.577,0.018636389814137604,600377
2511,2014-08-22,5.605,0.3752274499610086,5.632,5.568,0.040273539638190484,600377
2512,2014-08-25,5.586,0.3623602807382376,5.586,5.478,0.05977047241184541,600377
2513,2014-08-26,5.496,0.35521185339225364,5.532,5.441,0.03486054755325719,600377
2514,2014-08-27,5.441,0.35404211073563824,5.468,5.387,0.03926588057192992,600377
2515,2014-08-28,5.423,0.3435144268260983,5.441,5.342,0.0622716261655993,600377
2516,2014-08-29,5.342,0.35404211073563824,5.432,5.342,0.03026045689992905,600377
2517,2014-09-01,5.441,0.3575513387054848,5.505,5.441,0.03362320149395194,600377
2518,2014-09-02,5.468,0.36586950870808416,5.541,5.468,0.05635797994375293,600377
2519,2014-09-03,5.532,0.36586950870808416,5.55,5.496,0.0723333983125246,600377
2520,2014-09-04,5.532,0.3929035612165323,5.804,5.523,0.17279658383254,600377
2521,2014-09-05,5.722,0.3870548479334546,5.722,5.623,0.12541649687558476,600377
2522,2014-09-09,5.704,0.385885105276839,5.722,5.65,0.0511503301475324,600377
2523,2014-09-10,5.668,0.3800363919937613,5.668,5.623,0.04802468180439434,600377
2524,2014-09-11,5.632,0.3788666493371458,5.722,5.595,0.07042075132435986,600377
2525,2014-09-12,5.586,0.3800363919937613,5.641,5.577,0.05157583324063822,600377
2526,2014-09-15,5.623,0.3800363919937613,5.641,5.586,0.057475719412210025,600377
2527,2014-09-16,5.632,0.3611905380816221,5.65,5.468,0.0822776807994132,600377
2528,2014-09-17,5.487,0.36586950870808416,5.532,5.441,0.06074743598133963,600377
2529,2014-09-18,5.505,0.3670392513646998,5.559,5.496,0.05161923032227339,600377
2530,2014-09-19,5.532,0.3611905380816221,5.55,5.468,0.08674546327702436,600377
2531,2014-09-22,5.487,0.3505328827657916,5.496,5.378,0.0668939445924479,600377
2532,2014-09-23,5.396,0.3528723680790226,5.423,5.378,0.05045915223758687,600377
2533,2014-09-24,5.414,0.3587210813621003,5.478,5.387,0.09009021395914973,600377
2534,2014-09-25,5.487,0.35404211073563824,5.487,5.423,0.07645506260246011,600377
2535,2014-09-26,5.441,0.3575513387054848,5.468,5.414,0.05566574356840166,600377
2536,2014-09-29,5.496,0.35638159604886926,5.532,5.441,0.1359397599394109,600377
2537,2014-09-30,5.468,0.3670392513646998,5.541,5.441,0.11991565216197539,600377
2538,2014-10-08,5.532,0.3682089940213154,5.55,5.496,0.10892983971584268,600377
2539,2014-10-09,5.55,0.3670392513646998,5.55,5.496,0.06235206953643523,600377
2540,2014-10-10,5.505,0.37288796464777746,5.632,5.478,0.12927777867570925,600377
2541,2014-10-13,5.532,0.36469976605146875,5.532,5.459,0.0788969422934928,600377
2542,2014-10-14,5.496,0.36586950870808416,5.586,5.468,0.10048434424347609,600377
2543,2014-10-15,5.514,0.3752274499610086,5.695,5.468,0.15567061356773346,600377
2544,2014-10-16,5.541,0.36469976605146875,5.641,5.505,0.1668490667177101,600377
2545,2014-10-17,5.496,0.3600207954250065,5.559,5.423,0.1204734634307982,600377
2546,2014-10-20,5.496,0.3670392513646998,5.559,5.478,0.08713921240795809,600377
2547,2014-10-21,5.523,0.3623602807382376,5.541,5.468,0.06402444487749792,600377
2548,2014-10-22,5.496,0.3623602807382376,5.55,5.478,0.08030470128312152,600377
2549,2014-10-23,5.487,0.35404211073563824,5.505,5.423,0.07858257806798924,600377
2550,2014-10-24,5.432,0.35521185339225364,5.459,5.396,0.059878435883230476,600377
2551,2014-10-27,5.405,0.3340265141668833,5.405,5.26,0.08315620708617398,600377
2552,2014-10-28,5.287,0.3505328827657916,5.414,5.278,0.08232742867348278,600377
2553,2014-10-29,5.405,0.35521185339225364,5.478,5.378,0.09675642908447431,600377
2554,2014-10-30,5.45,0.36469976605146875,5.614,5.423,0.17492727469428634,600377
2555,2014-10-31,5.487,0.37054847933454643,5.568,5.487,0.16449398118994776,600377
2556,2014-11-03,5.577,0.3765271640239148,5.659,5.55,0.19200984787745773,600377
2557,2014-11-04,5.605,0.3693787366779308,5.614,5.505,0.11958646942079153,600377
2558,2014-11-05,5.532,0.3670392513646998,5.559,5.505,0.07077745416609285,600377
2559,2014-11-06,5.514,0.36469976605146875,5.532,5.478,0.08426230343516797,600377
2560,2014-11-07,5.505,0.36586950870808416,5.577,5.478,0.1203199859469665,600377
2561,2014-11-10,5.759,0.39654276059266963,5.985,5.65,0.3721109120596351,600377
2562,2014-11-11,5.795,0.3905640759033013,5.958,5.641,0.4133593089211624,600377
2563,2014-11-12,5.632,0.3953730179360541,5.75,5.595,0.18362468493321807,600377
2564,2014-11-13,5.75,0.4082401871588251,5.858,5.686,0.21158616555654286,600377
2565,2014-11-14,5.849,0.4012217312191318,5.895,5.75,0.17548826135932635,600377
2566,2014-11-17,5.94,0.3847153626202236,5.94,5.668,0.22605432918754662,600377
2567,2014-11-18,5.641,0.37054847933454643,5.686,5.55,0.14833121444436087,600377
2568,2014-11-19,5.559,0.36586950870808416,5.568,5.514,0.0803163444025846,600377
2569,2014-11-20,5.514,0.3670392513646998,5.559,5.496,0.049668478579502164,600377
2570,2014-11-21,5.541,0.37171822199116195,5.568,5.496,0.07020482438158973,600377
2571,2014-11-24,5.595,0.3776969066805303,5.659,5.568,0.13708501950841712,600377
2572,2014-11-25,5.614,0.3847153626202236,5.695,5.614,0.11955259852780799,600377
2573,2014-11-26,5.668,0.38822459059007025,5.695,5.65,0.1070246019855181,600377
2574,2014-11-27,5.731,0.3929035612165323,5.759,5.686,0.1305320601815063,600377
2575,2014-11-28,5.741,0.4035612165323628,5.822,5.695,0.22256351027942967,600377
2576,2014-12-01,5.831,0.42123732778788664,6.131,5.822,0.34805728571428723,600377
2577,2014-12-02,5.958,0.4259162984143489,6.004,5.84,0.1926989088565918,600377
2578,2014-12-03,5.985,0.43072524044710164,6.121,5.904,0.22348331671701416,600377
2579,2014-12-04,6.031,0.44359240966987273,6.158,5.985,0.22945729546698745,600377
2580,2014-12-05,6.131,0.42955549779048613,6.176,5.849,0.25087534295205305,600377
2581,2014-12-08,6.022,0.45425006498570314,6.23,5.94,0.23623041559829136,600377
2582,2014-12-09,6.185,0.42240707044450226,6.511,5.94,0.3547838333677387,600377
2583,2014-12-10,5.985,0.4530803223290876,6.221,5.904,0.17333428425865385,600377
2584,2014-12-11,6.158,0.47075643358461144,6.43,6.103,0.2704834145933102,600377
2585,2014-12-12,6.339,0.49545100077982834,6.793,6.339,0.33319854834856694,600377
2586,2014-12-15,6.43,0.48843254484013515,6.53,6.257,0.17388892013125945,600377
2587,2014-12-16,6.466,0.483753574213673,6.52,6.357,0.09807104311839827,600377
2588,2014-12-17,6.403,0.4766051468676891,6.484,6.285,0.12492536892732331,600377
2589,2014-12-18,6.394,0.4825838315570575,6.502,6.348,0.13151854993965212,600377
2590,2014-12-19,6.403,0.5179360540681051,6.774,6.348,0.2658579207702444,600377
2591,2014-12-22,6.874,0.5037691707824279,6.892,6.52,0.23937405785332694,600377
2592,2014-12-23,6.53,0.483753574213673,6.638,6.403,0.12865434255173083,600377
2593,2014-12-24,6.448,0.4589290356121653,6.457,6.203,0.17684733094029123,600377
2594,2014-12-25,6.276,0.4672472056147648,6.339,6.185,0.18208144237165516,600377
2595,2014-12-26,6.312,0.4849233168702885,6.457,6.312,0.16019767010806582,600377
2596,2014-12-29,6.475,0.5061086560956589,6.638,6.448,0.22708104063111043,600377
2597,2014-12-30,6.566,0.4849233168702885,6.566,6.421,0.13405251612098382,600377
2598,2014-12-31,6.539,0.5084481414088902,6.802,6.53,0.2458423399477789,600377
2599,2015-01-05,6.638,0.5226150246945671,6.765,6.548,0.22903708470091033,600377
2600,2015-01-06,6.72,0.5603067325188458,7.3,6.684,0.3839689000000942,600377
2601,2015-01-07,6.919,0.5414608786067066,6.938,6.783,0.17263569709086815,600377
2602,2015-01-08,6.82,0.5155965687548738,6.847,6.638,0.1225798095882126,600377
2603,2015-01-09,6.629,0.5132570834416428,6.783,6.611,0.11506152981127064,600377
2604,2015-01-12,6.62,0.48024434624382634,6.62,6.321,0.15440363047706762,600377
2605,2015-01-13,6.394,0.4825838315570575,6.475,6.348,0.0830090803947767,600377
2606,2015-01-14,6.412,0.48843254484013515,6.466,6.403,0.062036646845525935,600377
2607,2015-01-15,6.466,0.5014296854691969,6.575,6.439,0.06056220453533585,600377
2608,2015-01-16,6.566,0.49428125812321294,6.611,6.502,0.09999109936440316,600377
2609,2015-01-19,6.348,0.43189498310371716,6.448,5.967,0.20012298521242325,600377
2610,2015-01-20,6.058,0.4684169482713803,6.33,6.058,0.15626970498737996,600377
2611,2015-01-21,6.285,0.49545100077982834,6.53,6.276,0.16930999878604602,600377
2612,2015-01-22,6.52,0.4919417728099818,6.539,6.448,0.09511051537855501,600377
2613,2015-01-23,6.502,0.48726280218351964,6.53,6.412,0.08998542588398188,600377
2614,2015-01-26,6.457,0.5072783987522744,6.62,6.457,0.1287305520609438,600377
2615,2015-01-27,6.638,0.5037691707824279,6.693,6.475,0.1305415863701579,600377
2616,2015-01-28,6.539,0.4907720301533663,6.575,6.43,0.1137151618151746,600377
2617,2015-01-29,6.439,0.48726280218351964,6.53,6.412,0.09071047468691096,600377
2618,2015-01-30,6.475,0.48960228749675067,6.566,6.43,0.11786752160187647,600377
2619,2015-02-02,6.403,0.46607746295814917,6.439,6.239,0.11081920046508123,600377
2620,2015-02-03,6.294,0.4790746035872108,6.403,6.294,0.07876780951399301,600377
2621,2015-02-04,6.403,0.4754354042110735,6.421,6.357,0.040965776013541746,600377
2622,2015-02-05,6.43,0.4766051468676891,6.448,6.357,0.057492654858701794,600377
2623,2015-02-06,6.375,0.46373797764491814,6.375,6.248,0.062411343599156434,600377
2624,2015-02-09,6.267,0.46607746295814917,6.303,6.23,0.04446188724868736,600377
2625,2015-02-10,6.276,0.46607746295814917,6.321,6.267,0.03392803953080387,600377
2626,2015-02-11,6.303,0.4672472056147648,6.312,6.276,0.03825081224782921,600377
2627,2015-02-12,6.303,0.4695866909279958,6.321,6.276,0.04443965947516691,600377
2628,2015-02-13,6.348,0.4790746035872108,6.43,6.339,0.07124000354839943,600377
2629,2015-02-16,6.43,0.48141408890044185,6.43,6.384,0.03700288153446661,600377
2630,2015-02-17,6.421,0.4860930595269041,6.484,6.421,0.07456887724943877,600377
2631,2015-02-25,6.502,0.483753574213673,6.511,6.412,0.04546848784954219,600377
2632,2015-02-26,6.403,0.49428125812321294,6.511,6.394,0.06162278687188321,600377
2633,2015-02-27,6.511,0.49545100077982834,6.53,6.484,0.05536725632398415,600377
2634,2015-03-02,6.539,0.5037691707824279,6.629,6.53,0.09370804871595498,600377
2635,2015-03-03,6.557,0.483753574213673,6.557,6.412,0.08137057594669754,600377
2636,2015-03-04,6.43,0.48960228749675067,6.484,6.421,0.06584500537536364,600377
2637,2015-03-05,6.466,0.48024434624382634,6.466,6.366,0.07264564560721667,600377
2638,2015-03-06,6.403,0.4849233168702885,6.457,6.394,0.05040940436351728,600377
2639,2015-03-09,6.421,0.48726280218351964,6.457,6.33,0.05579911020952439,600377
2640,2015-03-10,6.43,0.48960228749675067,6.475,6.403,0.07240325702930316,600377
2641,2015-03-11,6.466,0.5049389134390434,6.602,6.457,0.17469123690880725,600377
2642,2015-03-12,6.602,0.5025994281258124,6.629,6.539,0.09850607240015573,600377
2643,2015-03-13,6.584,0.5049389134390434,6.638,6.575,0.07045356375193766,600377
2644,2015-03-16,6.629,0.5214452820379516,6.729,6.593,0.12968740478772905,600377
2645,2015-03-17,6.738,0.5497790486093059,6.965,6.693,0.21687743411981653,600377
2646,2015-03-18,6.974,0.5674551598648296,7.246,6.874,0.34951902643960847,600377
2647,2015-03-19,7.074,0.5579672472056147,7.083,6.938,0.19104981975445529,600377
2648,2015-03-20,6.965,0.5591369898622303,7.146,6.965,0.13937553864642957,600377
2649,2015-03-23,7.01,0.5674551598648296,7.074,7.01,0.1356920790344687,600377
2650,2015-03-24,7.092,0.5651156745515986,7.092,6.892,0.1553742432541274,600377
2651,2015-03-25,7.028,0.5686249025214454,7.155,7.001,0.1651968022193564,600377
2652,2015-03-26,7.056,0.5567975045489992,7.056,6.929,0.1358836612729069,600377
2653,2015-03-27,6.992,0.5567975045489992,7.019,6.938,0.10326441421629542,600377
2654,2015-03-30,7.028,0.5756433584611385,7.146,6.992,0.20538461674433633,600377
2655,2015-03-31,7.21,0.5603067325188458,7.282,7.01,0.24687328525296565,600377
2656,2015-04-01,7.046,0.5697946451780609,7.101,7.028,0.1077411830652013,600377
2657,2015-04-02,7.101,0.5697946451780609,7.137,7.037,0.16701524578641064,600377
2658,2015-04-03,7.065,0.5874707564335846,7.246,7.046,0.22287152371249883,600377
2659,2015-04-07,7.255,0.6216532362880165,7.6,7.255,0.28424028947165947,600377
2660,2015-04-08,7.527,0.61814400831817,7.591,7.328,0.27108673987457965,600377
2661,2015-04-09,7.482,0.6074863530023396,7.582,7.3,0.20996353808954973,600377
2662,2015-04-10,7.364,0.61814400831817,7.482,7.337,0.17931461380106156,600377
2663,2015-04-13,7.491,0.672342084741357,8.089,7.473,0.330192506596277,600377
2664,2015-04-14,7.926,0.6911879386534963,8.253,7.708,0.3078059632649631,600377
2665,2015-04-15,8.017,0.7418767871068366,8.779,7.881,0.48477608677697376,600377
2666,2015-04-16,8.253,0.7182219911619445,8.316,7.89,0.3110681536454411,600377
2667,2015-04-17,8.189,0.714712763192098,8.479,8.162,0.2808489663116817,600377
2668,2015-04-20,8.171,0.6616844294255264,8.18,7.718,0.3341892719683357,600377
2669,2015-04-21,7.817,0.6828697686508969,7.971,7.718,0.15828184772368387,600377
2670,2015-04-22,7.962,0.7053548219391734,8.162,7.962,0.2097793651089517,600377
2671,2015-04-23,8.189,0.6982063945931896,8.207,8.026,0.19104876128904955,600377
2672,2015-04-24,7.935,0.6923576813101118,8.071,7.89,0.19094503167928742,600377
2673,2015-04-27,8.062,0.7383675591369898,8.579,8.062,0.3721723030531678,600377
2674,2015-04-28,8.389,0.7206914478814661,8.461,8.135,0.23105769516046012,600377
2675,2015-04-29,8.343,0.7395373017936053,8.434,8.244,0.2538655077232569,600377
2676,2015-04-30,8.398,0.7100337925656355,8.461,8.162,0.20966716777594369,600377
2677,2015-05-04,8.18,0.7418767871068366,8.434,8.008,0.28148087015890605,600377
2678,2015-05-05,8.416,0.7041850792825579,8.57,8.08,0.2724309909398642,600377
2679,2015-05-06,8.144,0.6605146867689109,8.216,7.708,0.19145309507404065,600377
2680,2015-05-07,7.727,0.6133350662854171,7.781,7.382,0.13325019934343602,600377
2681,2015-05-08,7.5,0.6358201195736937,7.609,7.427,0.12008606509229887,600377
2682,2015-05-11,7.699,0.6605146867689109,7.799,7.618,0.13888441069816812,600377
2683,2015-05-12,7.781,0.6628541720821419,7.817,7.718,0.17038645810367942,600377
2684,2015-05-13,7.799,0.6511567455159866,7.799,7.672,0.13405145765557808,600377
2685,2015-05-14,7.718,0.6440083181700027,7.745,7.645,0.0963933754503069,600377
2686,2015-05-15,7.663,0.6239927216012477,7.663,7.464,0.10191538947203099,600377
2687,2015-05-18,7.473,0.6133350662854171,7.5,7.391,0.0715226138117309,600377
2688,2015-05-19,7.427,0.6416688328567715,7.654,7.409,0.12048404808485556,600377
2689,2015-05-20,7.645,0.6475175461398492,7.799,7.627,0.14972309645290355,600377
2690,2015-05-21,7.663,0.6605146867689109,7.799,7.627,0.14139297370976217,600377
2691,2015-05-22,7.835,0.6865089680270342,8.062,7.826,0.21137658940620715,600377
2692,2015-05-25,7.99,0.7323888744476217,8.398,7.953,0.33100223263166495,600377
2693,2015-05-26,8.416,0.731219131791006,8.452,8.162,0.282118066333159,600377
2694,2015-05-27,8.37,0.7265401611645439,8.398,8.216,0.24962847070409616,600377
2695,2015-05-28,8.298,0.6746815700545881,8.543,7.872,0.3967414020511091,600377
2696,2015-05-29,7.89,0.670002599428126,8.008,7.618,0.19453534633554354,600377
2697,2015-06-01,7.872,0.7335586171042372,8.479,7.845,0.3103663910814382,600377
2698,2015-06-02,8.361,0.7654016116454381,8.606,8.298,0.3730550632015515,600377
2699,2015-06-03,8.633,0.8232388874447623,9.169,8.352,0.4300714192123262,600377
2700,2015-06-04,8.887,0.7960748635300234,8.996,8.307,0.3211225165345262,600377
2701,2015-06-05,8.942,0.8067325188458538,9.06,8.706,0.2737413711121653,600377
2702,2015-06-08,8.915,0.851442682609826,9.404,8.851,0.37515929242815443,600377
2703,2015-06-09,9.277,0.8232388874447623,9.296,8.933,0.2927514097991817,600377
2704,2015-06-10,8.978,0.8149207174421629,9.114,8.887,0.23449241540207305,600377
2705,2015-06-11,8.96,0.843254484013517,9.223,8.933,0.25476414485272664,600377
2706,2015-06-12,9.187,0.8774369638679491,9.477,9.06,0.33929319215479414,600377
2707,2015-06-15,9.858,1.0,10.402,9.713,0.6786054472715455,600377
2708,2015-06-16,10.184,0.9623082921757213,10.574,9.831,0.5587797540844036,600377
2709,2015-06-17,10.166,0.9386534962308293,10.184,9.25,0.4650738117146061,600377
2710,2015-06-18,9.921,0.9269560696646739,10.302,9.667,0.3963942253980277,600377
2711,2015-06-19,9.422,0.8372757993241489,9.948,8.896,0.26997958506017994,600377
2712,2015-06-23,9.187,0.8621003379256564,9.368,8.443,0.27355190580453853,600377
2713,2015-06-24,9.495,0.8844554198076424,9.549,9.15,0.3189611301760136,600377
2714,2015-06-25,9.468,0.8184299454120096,9.468,8.906,0.3695187302809879,600377
2715,2015-06-26,8.643,0.7041850792825579,8.887,8.107,0.31002979908241424,600377
2716,2015-06-29,8.552,0.7265401611645439,8.76,7.718,0.3423701510892683,600377
2717,2015-06-30,8.234,0.7890564075903301,8.878,7.718,0.36126270011624806,600377
2718,2015-07-01,8.706,0.7878866649337146,9.223,8.597,0.425443808458449,600377
2719,2015-07-02,8.806,0.6735118273979726,8.887,7.89,0.39629790504610574,600377
2720,2015-07-03,7.618,0.5721341304912919,7.835,7.101,0.3809427474050953,600377
2721,2015-07-06,7.781,0.5863010137769691,7.781,6.811,0.32832325668974743,600377
2722,2015-07-07,7.128,0.5638159604886925,7.282,6.675,0.26125147932448184,600377
2723,2015-07-08,6.675,0.4790746035872108,6.811,6.339,0.4358559326546728,600377
2724,2015-07-09,5.985,0.562646217832077,7.037,5.985,0.31069769075343356,600377
2725,2015-07-10,7.133,0.654406030673252,7.743,7.019,0.49820907124116787,600377
2726,2015-07-13,7.743,0.7338185599168183,8.439,7.629,0.5780692276385343,600377
2727,2015-07-14,8.01,0.6581752014556799,8.268,7.638,0.4405354082134311,600377
2728,2015-07-15,7.619,0.5986482973745777,7.743,7.171,0.30495974978893936,600377
2729,2015-07-16,7.152,0.6098258383155706,7.648,7.104,0.19096090866037346,600377
2730,2015-07-17,7.486,0.654406030673252,7.877,7.438,0.20891671580327695,600377
2731,2015-07-20,7.705,0.6532362880166365,7.858,7.562,0.17455787026768452,600377
2732,2015-07-21,7.61,0.7535742136729919,8.506,7.533,0.34668339761764205,600377
2733,2015-07-22,8.821,0.7300493891343904,9.107,8.125,0.5194789335694304,600377
2734,2015-07-23,8.239,0.7399272160124772,8.43,7.982,0.37548318284230964,600377
2735,2015-07-24,8.296,0.6978164803743176,8.401,7.982,0.2444790365051911,600377
2736,2015-07-27,7.963,0.592409669872628,8.106,7.266,0.2384584852773654,600377
2737,2015-07-28,6.895,0.5937093839355341,7.429,6.818,0.2179740042801589,600377
2738,2015-07-29,7.343,0.6395892903561216,7.648,7.171,0.12535722281286354,600377
2739,2015-07-30,7.562,0.6098258383155706,7.791,7.362,0.15153413076211764,600377
2740,2015-07-31,7.352,0.607356381596049,7.457,7.238,0.0941896504755648,600377
2741,2015-08-03,7.266,0.6321809201975566,7.581,7.247,0.14267371685070257,600377
2742,2015-08-04,7.495,0.661814400831817,7.848,7.495,0.11866666298320705,600377
2743,2015-08-05,7.8,0.6482973745775931,7.896,7.553,0.12038878619833933,600377
2744,2015-08-06,7.486,0.6210033792565635,7.667,7.429,0.10265102292901744,600377
2745,2015-08-07,7.505,0.6358201195736937,7.657,7.467,0.08949006407409749,600377
2746,2015-08-10,7.629,0.6742916558357162,7.953,7.581,0.18803425181351377,600377
2747,2015-08-11,7.867,0.6655835716142449,7.915,7.762,0.15647187187987552,600377
2748,2015-08-12,7.791,0.6718221991161946,8.125,7.715,0.21439109888174293,600377
2749,2015-08-13,7.829,0.6891083961528464,8.02,7.715,0.2311571909085993,600377
2750,2015-08-14,8.01,0.6841694827138032,8.201,7.924,0.20432615133860044,600377
2751,2015-08-17,7.953,0.6966467377177021,8.077,7.858,0.1399280575882237,600377
2752,2015-08-18,8.077,0.6160644658175203,8.106,7.324,0.20820013472359378,600377
2753,2015-08-19,7.4,0.6395892903561216,7.648,7.2,0.12219876204214769,600377
2754,2015-08-20,7.553,0.6940473095918898,8.134,7.533,0.3659802804296129,600377
2755,2015-08-21,7.829,0.6333506628541721,7.963,7.533,0.15968854824790688,600377
2756,2015-08-24,7.333,0.5417208214192879,7.371,6.828,0.21498172257814355,600377
2757,2015-08-25,6.656,0.4821939173381857,6.942,6.408,0.1967792929957036,600377
2758,2015-08-26,6.637,0.5044190278138809,6.866,6.485,0.11893445473085823,600377
2759,2015-08-27,6.685,0.5552378476735118,6.99,6.599,0.0919181837148556,600377
2760,2015-08-28,7.076,0.6458279178580713,7.677,6.952,0.2575860136244185,600377
2761,2015-08-31,7.629,0.6494671172342086,7.905,7.591,0.1284500587284238,600377
2762,2015-09-01,7.696,0.6111255523784767,7.886,7.286,0.14139297370976217,600377
2763,2015-09-02,7.114,0.5912399272160125,7.495,7.019,0.08491325965969554,600377
2764,2015-09-07,7.362,0.5912399272160125,7.543,7.219,0.07217992082869289,600377
2765,2015-09-08,7.266,0.6420587470756434,7.724,7.266,0.10644244601236336,600377
2766,2015-09-09,7.629,0.654406030673252,7.781,7.543,0.11991353523116392,600377
2767,2015-09-10,7.6,0.6321809201975566,7.686,7.514,0.061412152256141765,600377
2768,2015-09-11,7.8,0.6371198336366,7.81,7.524,0.10667424993621952,600377
2769,2015-09-14,7.591,0.6098258383155706,7.657,7.324,0.0997000213778258,600377
2770,2015-09-15,7.324,0.6048869248765272,7.514,7.2,0.13290302269035464,600377
2771,2015-09-16,7.352,0.6568754873927736,8.001,7.257,0.17705479015981546,600377
2772,2015-09-17,7.61,0.6098258383155706,7.772,7.362,0.19168066513627388,600377
2773,2015-09-18,7.448,0.6098258383155706,7.505,7.305,0.06844883027347391,600377
2774,2015-09-21,7.343,0.6172342084741356,7.476,7.314,0.06142379537560486,600377
2775,2015-09-22,7.438,0.6494671172342086,7.791,7.419,0.10846411493731889,600377
2776,2015-09-23,7.591,0.6593449441122954,7.81,7.505,0.13712312426302362,600377
2777,2015-09-24,7.715,0.6742916558357162,8.449,7.715,0.16297931719433972,600377
2778,2015-09-25,7.915,0.6458279178580713,7.924,7.619,0.08369390751228781,600377
2779,2015-09-28,7.715,0.6593449441122954,7.82,7.61,0.05103284048749571,600377
2780,2015-09-29,7.657,0.6234728359760853,7.705,7.457,0.06663356210263688,600377
2781,2015-09-30,7.486,0.6346503769170784,7.667,7.486,0.05757415669494346,600377
2782,2015-10-08,7.772,0.6507668312971147,7.839,7.705,0.07969925907104058,600377
2783,2015-10-09,7.705,0.6557057447361581,7.772,7.677,0.040382561574981275,600377
2784,2015-10-12,7.772,0.6718221991161946,8.01,7.724,0.20004783416861602,600377
2785,2015-10-13,7.848,0.6891083961528464,8.058,7.8,0.13892886624520903,600377
2786,2015-10-14,7.963,0.6729919417728101,8.039,7.82,0.09573183457172198,600377
2787,2015-10-15,7.848,0.6928775669352742,8.106,7.829,0.1307363440048133,600377
2788,2015-10-16,8.039,0.6904081102157527,8.106,7.915,0.11943299193695983,600377
2789,2015-10-19,8.029,0.6805302833376659,8.106,7.934,0.07891599467079603,600377
2790,2015-10-20,8.001,0.6940473095918898,8.058,7.915,0.06932418116401748,600377
2791,2015-10-21,8.201,0.6866389394333248,8.354,7.924,0.24194189492764218,600377
2792,2015-10-22,7.934,0.716402391473876,8.296,7.924,0.1212493185732026,600377
2793,2015-10-23,8.22,0.717702105536782,8.277,8.125,0.10875307599308479,600377
2794,2015-10-26,8.354,0.7089940213153108,8.354,8.125,0.17118348255419852,600377
2795,2015-10-27,8.163,0.7076943072524047,8.239,7.924,0.10343534579466772,600377
2796,2015-10-28,8.106,0.6742916558357162,8.115,7.82,0.09337039825152522,600377
2797,2015-10-29,7.924,0.676761112555238,8.02,7.858,0.06556874590446658,600377
2798,2015-10-30,7.905,0.6879386534962308,8.048,7.867,0.07046203147518355,600377
2799,2015-11-02,7.963,0.6829997400571874,8.125,7.934,0.0966410563552491,600377
2800,2015-11-03,8.001,0.6928775669352742,8.087,7.934,0.07698429530532805,600377
2801,2015-11-04,8.058,0.7448661294515206,8.516,8.039,0.28503308006055567,600377
2802,2015-11-05,8.411,0.732518845853912,8.659,8.296,0.2422731945996375,600377
2803,2015-11-06,8.354,0.7461658435144269,8.535,8.306,0.19255495756141172,600377
2804,2015-11-09,8.592,0.7448661294515206,8.678,8.42,0.32725526509535996,600377
2805,2015-11-10,8.344,0.7275799324148686,8.563,8.306,0.2641580253286326,600377
2806,2015-11-11,8.296,0.7300493891343904,8.335,8.22,0.1453029449185505,600377
2807,2015-11-12,8.335,0.7152326488172602,8.335,8.163,0.15844379293076147,600377
2808,2015-11-13,8.172,0.7052248505328829,8.249,8.125,0.11891963621517793,600377
2809,2015-11-16,8.077,0.7076943072524047,8.182,8.01,0.1491875129576012,600377
2810,2015-11-17,8.191,0.7213413049129191,8.363,8.182,0.19273066281876386,600377
2811,2015-11-18,8.239,0.7126332206914481,8.306,8.172,0.10590474558624953,600377
2812,2015-11-19,8.201,0.7300493891343904,8.344,8.191,0.12343504963604719,600377
2813,2015-11-20,8.325,0.732518845853912,8.354,8.277,0.08535675666469887,600377
2814,2015-11-23,8.325,0.717702105536782,8.382,8.191,0.09869871310399965,600377
2815,2015-11-24,8.191,0.7152326488172602,8.22,8.106,0.0726816334310117,600377
2816,2015-11-25,8.211,0.7139329347543542,8.211,8.153,0.07335270049824824,600377
2817,2015-11-26,8.201,0.7238107616324407,8.335,8.172,0.07371787106322712,600377
2818,2015-11-27,8.268,0.6817000259942814,8.335,7.915,0.1514007641209949,600377
2819,2015-11-30,7.982,0.6705224850532883,8.01,7.734,0.1120163248389685,600377
2820,2015-12-01,7.858,0.6904081102157527,8.02,7.829,0.08274763943955993,600377
2821,2015-12-02,7.991,0.7139329347543542,8.249,7.963,0.09083113974316485,600377
2822,2015-12-03,8.201,0.732518845853912,8.354,8.191,0.12598171740224773,600377
2823,2015-12-04,8.268,0.716402391473876,8.392,8.191,0.07844180216902637,600377
2824,2015-12-07,8.249,0.7287496750714844,8.344,8.153,0.09210341516085938,600377
2825,2015-12-08,8.268,0.7040551078762673,8.315,8.106,0.07859422118745232,600377
2826,2015-12-09,8.106,0.702755393813361,8.201,8.087,0.05452048399939544,600377
2827,2015-12-10,8.125,0.717702105536782,8.277,8.115,0.06418427315376404,600377
2828,2015-12-11,8.211,0.7139329347543542,8.277,8.191,0.04851792668346726,600377
2829,2015-12-14,8.106,0.7287496750714844,8.344,8.106,0.07301399156841276,600377
2830,2015-12-15,8.315,0.7275799324148686,8.315,8.239,0.04744040890042813,600377
2831,2015-12-16,8.287,0.7238107616324407,8.306,8.249,0.035955000782788085,600377
2832,2015-12-17,8.306,0.732518845853912,8.363,8.268,0.14429422738688422,600377
2833,2015-12-18,8.325,0.7226410189758254,8.392,8.239,0.13439228351622504,600377
2834,2015-12-21,8.22,0.7598128411749416,8.706,8.211,0.3185366855483135,600377
2835,2015-12-22,8.592,0.7660514686768911,8.697,8.478,0.14803801952697201,600377
2836,2015-12-23,8.592,0.7622822978944634,8.678,8.525,0.17038539963827368,600377
2837,2015-12-24,8.573,0.7300493891343904,8.573,8.296,0.10829793586861836,600377
2838,2015-12-25,8.306,0.7448661294515206,8.525,8.306,0.07325426321551481,600377
2839,2015-12-28,8.478,0.7511047569534703,8.754,8.42,0.17498125642997886,600377
2840,2015-12-29,8.439,0.7660514686768911,8.678,8.401,0.1218865147474556,600377
2841,2015-12-30,8.611,0.7548739277358982,8.621,8.449,0.10298549799722997,600377
2842,2015-12-31,8.525,0.732518845853912,8.525,8.325,0.09222937254414194,600377
2843,2016-01-04,8.373,0.6655835716142449,8.478,7.638,0.14519180605094822,600377
2844,2016-01-05,7.762,0.6655835716142449,8.02,7.677,0.1469255723855436,600377
2845,2016-01-06,7.867,0.6829997400571874,8.001,7.772,0.08297732643260461,600377
2846,2016-01-07,7.839,0.6371198336366,7.867,7.581,0.025079268738851912,600377
2847,2016-01-08,7.734,0.6557057447361581,7.81,7.533,0.0885289774856893,600377
2848,2016-01-11,7.677,0.6221731219131792,7.705,7.457,0.1135796782432404,600377
2849,2016-01-12,7.495,0.6221731219131792,7.591,7.448,0.0562330810258761,600377
2850,2016-01-13,7.533,0.6197036651936574,7.619,7.476,0.045751098112873666,600377
2851,2016-01-14,7.448,0.6308812061346505,7.572,7.343,0.0352976937658261,600377
2852,2016-01-15,7.533,0.6011177540940993,7.533,7.247,0.046102508627577976,600377
2853,2016-01-18,7.247,0.592409669872628,7.352,7.2,0.03631911288236123,600377
2854,2016-01-19,7.247,0.614764751754614,7.457,7.247,0.04124203548443881,600377
2855,2016-01-20,7.39,0.6024174681570054,7.448,7.305,0.05316670674545925,600377
2856,2016-01-21,7.333,0.5813621003379257,7.352,7.181,0.04924085855558487,600377
2857,2016-01-22,7.257,0.5850012997140628,7.276,7.152,0.03655409220243459,600377
2858,2016-01-25,7.238,0.5813621003379257,7.286,7.143,0.04830094127529141,600377
2859,2016-01-26,7.143,0.5466597348583311,7.143,6.847,0.09539524257269798,600377
2860,2016-01-27,6.952,0.5664153886145047,7.076,6.866,0.09757779823932536,600377
2861,2016-01-28,6.99,0.567715102677411,7.104,6.923,0.059820220285915,600377
2862,2016-01-29,7.085,0.5912399272160125,7.286,7.066,0.05680465234497347,600377
2863,2016-02-01,7.219,0.6098258383155706,7.457,7.2,0.08728845603016686,600377
2864,2016-02-02,7.381,0.6259422926956071,7.562,7.381,0.04676299104075717,600377
2865,2016-02-03,7.438,0.6160644658175203,7.486,7.343,0.02572704956716227,600377
2866,2016-02-04,7.467,0.614764751754614,7.533,7.429,0.045029224706161795,600377
2867,2016-02-05,7.419,0.6210033792565635,7.562,7.419,0.03654668294459444,600377
2868,2016-02-15,7.362,0.6185339225370419,7.543,7.305,0.02358683251676432,600377
2869,2016-02-16,7.495,0.6185339225370419,7.629,7.429,0.15487676451343155,600377
2870,2016-02-17,7.457,0.6185339225370419,7.486,7.41,0.05884537364723225,600377
2871,2016-02-18,7.486,0.6246425786327008,7.591,7.448,0.07412749717524691,600377
2872,2016-02-19,7.495,0.6221731219131792,7.543,7.467,0.03838947121598062,600377
2873,2016-02-22,7.514,0.6420587470756434,7.677,7.514,0.06748245135803704,600377
2874,2016-02-23,7.648,0.6271120353522226,7.648,7.39,0.07598933782393633,600377
2875,2016-02-24,7.505,0.6259422926956071,7.533,7.429,0.03180158253068049,600377
2876,2016-02-25,7.495,0.5899402131531064,7.514,7.133,0.08613155334169754,600377
2877,2016-02-26,7.266,0.5986482973745777,7.333,7.19,0.0392563543832783,600377
2878,2016-02-29,7.314,0.592409669872628,7.314,7.171,0.0458643539112874,600377
2879,2016-03-01,7.257,0.6085261242526643,7.419,7.247,0.03769723484062935,600377
2880,2016-03-02,7.419,0.6395892903561216,7.629,7.4,0.08385691118477114,600377
2881,2016-03-03,7.629,0.6407590330127373,7.705,7.581,0.05213893683648971,600377
2882,2016-03-04,7.638,0.6358201195736937,7.667,7.543,0.0378994017331249,600377
2883,2016-03-07,7.638,0.6395892903561216,7.657,7.553,0.03450066931530699,600377
2884,2016-03-08,7.629,0.6271120353522226,7.629,7.4,0.06755442700562708,600377
2885,2016-03-09,7.495,0.6221731219131792,7.524,7.448,0.024459008011090685,600377
2886,2016-03-10,7.476,0.6197036651936574,7.533,7.467,0.02039238392225343,600377
2887,2016-03-11,7.448,0.6297114634780347,7.572,7.448,0.030457331465395924,600377
2888,2016-03-14,7.572,0.6494671172342086,7.734,7.553,0.06483522937829161,600377
2889,2016-03-15,7.734,0.6507668312971147,7.734,7.648,0.03246418187467115,600377
2890,2016-03-16,7.696,0.6469976605146868,7.734,7.667,0.024705630450627146,600377
2891,2016-03-17,7.677,0.6568754873927736,7.791,7.677,0.03927540676058155,600377
2892,2016-03-18,7.762,0.717702105536782,8.525,7.724,0.1274678028319009,600377
2893,2016-03-21,8.163,0.7275799324148686,8.335,8.106,0.1432759836665663,600377
2894,2016-03-22,8.23,0.699116194437224,8.23,8.068,0.10562319378832379,600377
2895,2016-03-23,8.058,0.6866389394333248,8.087,7.896,0.10427682579222775,600377
2896,2016-03-24,7.972,0.6841694827138032,8.058,7.896,0.07813167180514576,600377
2897,2016-03-25,7.972,0.7002859370938395,8.115,7.972,0.07623172640184984,600377
2898,2016-03-28,8.029,0.6729919417728101,8.087,7.82,0.1255265772777813,600377
2899,2016-03-29,7.848,0.6606446581752017,7.963,7.753,0.08055873298049812,600377
2900,2016-03-30,7.848,0.6805302833376659,7.953,7.82,0.07227941657683207,600377
2901,2016-03-31,7.963,0.6841694827138032,8.106,7.915,0.1501909381622388,600377
2902,2016-04-01,7.944,0.6866389394333248,8.029,7.944,0.05405687615168313,600377
2903,2016-04-05,7.991,0.6940473095918898,8.068,7.924,0.08739430257074045,600377
2904,2016-04-06,8.029,0.6879386534962308,8.039,7.982,0.06445100643600948,600377
2905,2016-04-07,8.02,0.6817000259942814,8.02,7.896,0.07937536865688541,600377
2906,2016-04-08,7.934,0.6718221991161946,7.944,7.839,0.04793153684868958,600377
2907,2016-04-11,7.877,0.676761112555238,7.934,7.867,0.1006028923689185,600377
2908,2016-04-12,7.905,0.6644138289576293,7.905,7.762,0.06528190177951215,600377
2909,2016-04-13,7.848,0.6742916558357162,7.924,7.848,0.07998081086896633,600377
2910,2016-04-14,7.953,0.6779308552118535,7.991,7.877,0.06382227798500237,600377
2911,2016-04-15,7.915,0.6742916558357162,7.934,7.867,0.04597760970970115,600377
2912,2016-04-18,7.867,0.6705224850532883,7.915,7.82,0.04533406274301373,600377
2913,2016-04-19,7.886,0.6718221991161946,7.915,7.82,0.03794809114178875,600377
2914,2016-04-20,7.877,0.6407590330127373,7.886,7.562,0.11848037307179754,600377
2915,2016-04-21,7.638,0.6371198336366,7.677,7.591,0.04692705317864623,600377
2916,2016-04-22,7.6,0.644528203795165,7.667,7.591,0.04599031129456998,600377
2917,2016-04-25,7.657,0.6557057447361581,7.81,7.619,0.07246358955743011,600377
2918,2016-04-26,7.762,0.6593449441122954,7.81,7.734,0.026771754922623587,600377
2919,2016-04-27,7.791,0.6557057447361581,7.81,7.743,0.0165713238075469,600377
2920,2016-04-28,7.762,0.6568754873927736,7.791,7.696,0.022373831161791,600377
2921,2016-04-29,7.762,0.6593449441122954,7.81,7.734,0.022115565602791445,600377
2922,2016-05-03,7.82,0.6805302833376659,7.953,7.781,0.06596249503540032,600377
2923,2016-05-04,7.953,0.6904081102157527,8.039,7.915,0.06018856624711109,600377
2924,2016-05-05,7.991,0.6891083961528464,8.048,7.963,0.03316276904245683,600377
2925,2016-05-06,8.039,0.6729919417728101,8.058,7.867,0.054363831119346534,600377
2926,2016-05-09,7.867,0.6680530283337667,7.915,7.82,0.048377150784504386,600377
2927,2016-05-10,7.886,0.6829997400571874,7.963,7.848,0.03136549478351731,600377
2928,2016-05-11,7.972,0.6904081102157527,8.029,7.915,0.03996552620512134,600377
2929,2016-05-12,8.01,0.7015856511567455,8.153,7.963,0.08284290132607616,600377
2930,2016-05-13,8.077,0.6940473095918898,8.144,7.972,0.05553025999646747,600377
2931,2016-05-16,8.068,0.7002859370938395,8.106,7.991,0.04786591199353396,600377
2932,2016-05-17,8.115,0.7002859370938395,8.134,8.02,0.04220100514203552,600377
2933,2016-05-18,8.096,0.6891083961528464,8.096,7.924,0.04689635768187989,600377
2934,2016-05-19,7.991,0.6953470236547961,8.144,7.991,0.04154475659047927,600377
2935,2016-05-20,8.029,0.6928775669352742,8.096,8.029,0.020242081834638936,600377
2936,2016-05-23,8.048,0.6891083961528464,8.058,7.991,0.04369979215655753,600377
2937,2016-05-24,8.01,0.6966467377177021,8.087,7.944,0.05454377023832163,600377
2938,2016-05-25,8.039,0.6953470236547961,8.096,8.039,0.020296063570331466,600377
2939,2016-05-26,8.058,0.6891083961528464,8.058,7.972,0.017688004810598255,600377
2940,2016-05-27,8.01,0.6879386534962308,8.01,7.982,0.014647033699919066,600377
2941,2016-05-30,7.991,0.6805302833376659,8.01,7.924,0.028765903747029985,600377
2942,2016-05-31,7.953,0.7002859370938395,8.096,7.944,0.075357433976712,600377
2943,2016-06-01,8.077,0.7076943072524047,8.182,8.02,0.05829073777462665,600377
2944,2016-06-02,8.23,0.7126332206914481,8.23,8.144,0.06902040159257128,600377
2945,2016-06-03,8.191,0.7139329347543542,8.211,8.115,0.04248996619780142,600377
2946,2016-06-06,8.172,0.7101637639719263,8.268,8.115,0.06804237955767133,600377
2947,2016-06-07,8.172,0.7065245645957889,8.182,8.115,0.048485114255889444,600377
2948,2016-06-08,8.153,0.7126332206914481,8.211,8.144,0.028475884225858353,600377
2949,2016-06-13,8.134,0.6928775669352742,8.153,8.029,0.026453156835497087,600377
2950,2016-06-14,8.048,0.7040551078762673,8.134,8.02,0.021766272018898605,600377
2951,2016-06-15,8.058,0.7126332206914481,8.22,8.058,0.03749718487894527,600377
2952,2016-06-16,8.182,0.7015856511567455,8.191,8.058,0.036633477107864784,600377
2953,2016-06-17,8.115,0.7040551078762673,8.172,8.096,0.0406397686685751,600377
2954,2016-06-20,8.296,0.732518845853912,8.411,8.249,0.10915211745104722,600377
2955,2016-06-21,8.354,0.7275799324148686,8.354,8.277,0.05620450245992123,600377
2956,2016-06-22,8.325,0.7287496750714844,8.325,8.249,0.04250690164429319,600377
2957,2016-06-23,8.315,0.716402391473876,8.344,8.211,0.05345460933581941,600377
2958,2016-06-24,8.37,0.702105536781908,8.37,8.03,0.06138992448262131,600377
2959,2016-06-27,8.08,0.7047049649077204,8.15,8.08,0.047200137253326085,600377
2960,2016-06-28,8.07,0.7008058227190019,8.12,8.06,0.04344999432080386,600377
2961,2016-06-29,8.11,0.7086041070964388,8.18,8.08,0.06021502788225448,600377
2962,2016-06-30,8.19,0.7319989602287498,8.34,8.16,0.07403858608116509,600377
2963,2016-07-01,8.34,0.7293995321029374,8.4,8.3,0.028270541937145593,600377
2964,2016-07-04,8.36,0.7345983883545619,8.41,8.32,0.04123780162281587,600377
2965,2016-07-05,8.36,0.7358981024174682,8.4,8.34,0.027818577208896373,600377
2966,2016-07-06,8.36,0.7384975305432806,8.4,8.34,0.026836321312373474,600377
2967,2016-07-07,8.38,0.742396672731999,8.45,8.37,0.03095904406771473,600377
2968,2016-07-08,8.42,0.742396672731999,8.45,8.39,0.02455003603598397,600377
2969,2016-07-11,8.41,0.7475955289836238,8.5,8.41,0.035804698695173595,600377
2970,2016-07-12,8.48,0.7709903821159347,8.66,8.46,0.056922142005010154,600377
2971,2016-07-13,8.63,0.7644918118014037,8.68,8.54,0.055789584020872765,600377
2972,2016-07-14,8.6,0.7631920977384976,8.63,8.55,0.02298244877008913,600377
2973,2016-07-15,8.59,0.7787886664933714,8.73,8.57,0.05283011474643524,600377
2974,2016-07-18,8.68,0.815180660254744,9.05,8.66,0.1195473062007793,600377
2975,2016-07-19,8.94,0.7969846633740578,8.98,8.78,0.05247023650848504,600377
2976,2016-07-20,8.86,0.7969846633740578,8.88,8.64,0.06007531044869734,600377
2977,2016-07-21,8.78,0.7904860930595268,8.91,8.75,0.032347750680040206,600377
2978,2016-07-22,8.81,0.7735898102417469,8.82,8.63,0.04397711009286033,600377
2979,2016-07-25,8.66,0.7761892383675593,8.73,8.61,0.039139923188647355,600377
2980,2016-07-26,8.68,0.7956849493111515,8.86,8.66,0.03631805441695549,600377
2981,2016-07-27,8.85,0.7865869508708085,8.93,8.68,0.06877060375681762,600377
2982,2016-07-28,8.77,0.8255783727579933,9.06,8.76,0.10526543248118506,600377
2983,2016-07-29,9.04,0.8190798024434625,9.22,8.99,0.1058888686051635,600377
2984,2016-08-01,9.04,0.8242786586950872,9.12,8.81,0.11824856914794138,600377
2985,2016-08-02,8.99,0.8086820899402132,9.02,8.91,0.043955940784745615,600377
2986,2016-08-03,8.92,0.806082661814401,8.95,8.85,0.03380525754373851,600377
2987,2016-08-04,8.9,0.8125812321289319,8.97,8.83,0.03389099324160312,600377
2988,2016-08-05,8.95,0.7982843774369639,9.01,8.84,0.028092719748981965,600377
2989,2016-08-08,8.87,0.8177800883805564,9.01,8.85,0.046879422235388116,600377
2990,2016-08-09,9.0,0.8138809461918379,9.02,8.94,0.026625686696632032,600377
2991,2016-08-10,8.99,0.8112815180660256,9.01,8.92,0.02936605363208223,600377
2992,2016-08-11,8.95,0.8112815180660256,8.99,8.94,0.021177765253309454,600377
2993,2016-08-12,8.97,0.8359760852612428,9.16,8.97,0.0603483945233772,600377
2994,2016-08-15,9.14,0.8606706524564596,9.38,9.14,0.11453018017759123,600377
2995,2016-08-16,9.33,0.8593709383935535,9.39,9.29,0.054424163647473475,600377
2996,2016-08-17,9.3,0.8567715102677413,9.35,9.2,0.0679291237592576,600377
2997,2016-08-18,9.25,0.8476735118273981,9.34,9.1,0.08010888518306038,600377
2998,2016-08-19,9.2,0.8463737977644921,9.27,9.18,0.029891052473327226,600377
2999,2016-08-22,9.23,0.8450740837015858,9.25,9.16,0.02479983387173764,600377
3000,2016-08-23,9.2,0.8385755133870549,9.22,9.11,0.028482235018292768,600377
3001,2016-08-24,9.18,0.8424746555757734,9.27,9.08,0.034813975075404804,600377
3002,2016-08-25,9.18,0.8333766571354302,9.19,9.05,0.04503028317156753,600377
3003,2016-08-26,9.1,0.8385755133870549,9.17,9.08,0.024910972739339905,600377
3004,2016-08-29,9.1,0.8294775149467117,9.13,9.01,0.05412038407602728,600377
3005,2016-08-30,9.1,0.8281778008838057,9.13,9.05,0.035731664582177816,600377
3006,2016-08-31,9.06,0.8281778008838057,9.13,9.0,0.037386046011342995,600377
3007,2016-09-01,9.06,0.8203795165063685,9.09,8.99,0.03244618796277364,600377
3008,2016-09-02,9.03,0.8125812321289319,9.06,8.92,0.02664685600474675,600377
3009,2016-09-05,8.93,0.815180660254744,9.0,8.93,0.019705439873930843,600377
3010,2016-09-06,8.96,0.8177800883805564,9.02,8.93,0.03677107761061045,600377
3011,2016-09-07,8.99,0.8099818040031193,9.04,8.93,0.0225389517650858,600377
3012,2016-09-08,8.97,0.8112815180660256,8.98,8.91,0.0342297021714386,600377
3013,2016-09-09,8.92,0.8073823758773071,8.95,8.9,0.026953810972410158,600377
3014,2016-09-12,8.86,0.7878866649337146,8.9,8.75,0.04858249307321715,600377
3015,2016-09-13,8.8,0.8047829477514947,8.9,8.75,0.029067566387664712,600377
3016,2016-09-14,8.85,0.7956849493111515,8.88,8.77,0.03301564235105955,600377
3017,2016-09-19,8.83,0.79958409149987,8.95,8.8,0.037392396803777414,600377
3018,2016-09-20,8.84,0.79958409149987,8.87,8.8,0.029400982990471513,600377
3019,2016-09-21,8.87,0.7982843774369639,8.88,8.83,0.02232514175312715,600377
3020,2016-09-22,8.87,0.8021835196256826,8.92,8.81,0.038647736774980165,600377
3021,2016-09-23,8.89,0.8073823758773071,8.92,8.86,0.019578424025242538,600377
3022,2016-09-26,8.9,0.8086820899402132,8.95,8.85,0.03434613336606955,600377
3023,2016-09-27,9.02,0.8021835196256826,9.02,8.83,0.03505424672250685,600377
3024,2016-09-28,8.95,0.7865869508708085,8.95,8.7,0.04553622963550928,600377
3025,2016-09-29,8.76,0.7917858071224333,8.82,8.73,0.025098321116155158,600377
3026,2016-09-30,8.79,0.7930855211853394,8.81,8.73,0.023102055360937287,600377
3027,2016-10-10,8.81,0.7969846633740578,8.85,8.78,0.021807552169722303,600377
3028,2016-10-11,8.84,0.8099818040031193,8.94,8.82,0.03538131253287924,600377
3029,2016-10-12,8.95,0.8099818040031193,8.96,8.89,0.017556755100287005,600377
3030,2016-10-13,8.95,0.8073823758773071,8.95,8.88,0.012662411064164289,600377
3031,2016-10-14,8.9,0.8021835196256826,8.91,8.86,0.020422020953614034,600377
3032,2016-10-17,8.88,0.8034832336885886,8.99,8.87,0.03621220787638191,600377
3033,2016-10-18,8.87,0.8138809461918379,8.98,8.86,0.04796223234545592,600377
3034,2016-10-19,8.95,0.815180660254744,8.98,8.93,0.014670319938845254,600377
3035,2016-10-20,8.99,0.8190798024434625,9.05,8.94,0.025988490522379032,600377
3036,2016-10-21,9.0,0.8229789446321809,9.05,8.97,0.016102423632805903,600377
3037,2016-10-24,9.06,0.8320769430725241,9.18,9.0,0.10258433960845607,600377
3038,2016-10-25,9.11,0.8372757993241489,9.24,9.05,0.07316746905224447,600377
3039,2016-10-26,9.14,0.8268780868208996,9.14,9.05,0.01746572707539372,600377
3040,2016-10-27,9.05,0.8307772290096178,9.11,9.05,0.011841041909313245,600377
3041,2016-10-28,9.1,0.8281778008838057,9.15,9.06,0.017744103477102254,600377
3042,2016-10-31,9.07,0.8346763711983365,9.17,9.07,0.020871868751051785,600377
3043,2016-11-01,9.15,0.8333766571354302,9.19,9.1,0.017644607728963084,600377
3044,2016-11-02,9.13,0.8268780868208996,9.13,9.04,0.019957354640495983,600377
3045,2016-11-03,9.06,0.8281778008838057,9.12,9.04,0.013987609752145611,600377
3046,2016-11-04,9.09,0.8255783727579933,9.12,9.04,0.012686755768496214,600377
3047,2016-11-07,9.05,0.8177800883805564,9.09,8.95,0.024140409923964185,600377
3048,2016-11-08,8.98,0.8190798024434625,9.02,8.93,0.029766153555450394,600377
3049,2016-11-09,9.0,0.8125812321289319,9.0,8.88,0.026458449162525766,600377
3050,2016-11-10,8.98,0.8229789446321809,9.06,8.98,0.035161151728486176,600377
3051,2016-11-11,9.05,0.8177800883805564,9.05,8.96,0.035615233387546866,600377
3052,2016-11-14,9.0,0.815180660254744,9.03,8.96,0.030908237728239408,600377
3053,2016-11-15,8.98,0.806082661814401,9.0,8.88,0.06580690062075716,600377
3054,2016-11-16,8.88,0.8099818040031193,8.95,8.87,0.02854150908101398,600377
3055,2016-11-17,8.93,0.8190798024434625,9.02,8.9,0.05304074936217668,600377
3056,2016-11-18,9.01,0.8177800883805564,9.02,8.98,0.017955796558249432,600377
3057,2016-11-21,8.97,0.8073823758773071,9.06,8.89,0.08292334469691208,600377
3058,2016-11-22,8.93,0.8099818040031193,8.95,8.91,0.02448335271542261,600377
3059,2016-11-23,8.94,0.8086820899402132,8.96,8.92,0.033807374474549984,600377
3060,2016-11-24,8.92,0.8099818040031193,8.96,8.91,0.015564723206692074,600377
3061,2016-11-25,8.94,0.8125812321289319,8.97,8.83,0.10624345451608502,600377
3062,2016-11-28,8.95,0.8372757993241489,9.16,8.93,0.10211755636452655,600377
3063,2016-11-29,9.14,0.8385755133870549,9.19,9.07,0.05827909465516356,600377
3064,2016-11-30,9.14,0.8138809461918379,9.16,8.91,0.06957609593058262,600377
3065,2016-12-01,8.96,0.8190798024434625,9.05,8.93,0.03707591564746238,600377
3066,2016-12-02,9.01,0.8164803743176503,9.07,8.95,0.04159344599914313,600377
3067,2016-12-05,8.96,0.8125812321289319,9.04,8.93,0.03419688974386079,600377
3068,2016-12-06,8.99,0.8164803743176503,9.05,8.95,0.03655303373702886,600377
3069,2016-12-07,9.0,0.8125812321289319,9.02,8.95,0.03748871715569938,600377
3070,2016-12-08,8.95,0.8112815180660256,8.98,8.92,0.031466048997062214,600377
3071,2016-12-09,8.95,0.8112815180660256,8.98,8.93,0.030147201101515312,600377
3072,2016-12-12,8.95,0.7930855211853394,8.98,8.76,0.0711743786932438,600377
3073,2016-12-13,8.79,0.7956849493111515,8.85,8.79,0.027805875624027542,600377
3074,2016-12-14,8.82,0.7878866649337146,8.85,8.75,0.043857503502012174,600377
3075,2016-12-15,8.74,0.76579152586431,8.74,8.57,0.046344897205491495,600377
3076,2016-12-16,8.6,0.7670912399272161,8.65,8.58,0.023765713170333682,600377
3077,2016-12-19,8.61,0.7605926696126855,8.61,8.54,0.03253615752226119,600377
3078,2016-12-20,8.55,0.76579152586431,8.63,8.54,0.020958662914322128,600377
3079,2016-12-21,8.58,0.7696906680530284,8.66,8.58,0.03002336064904421,600377
3080,2016-12-22,8.63,0.7800883805562777,8.74,8.6,0.056160046912880325,600377
3081,2016-12-23,8.65,0.7696906680530284,8.73,8.59,0.03031549710102732,600377
3082,2016-12-26,8.63,0.7631920977384976,8.64,8.56,0.038987504170221385,600377
3083,2016-12-27,8.58,0.7800883805562777,8.73,8.57,0.04065141178803819,600377
3084,2016-12-28,8.71,0.7709903821159347,8.71,8.6,0.0217514535032183,600377
3085,2016-12-29,8.63,0.7631920977384976,8.64,8.57,0.01417813352517807,600377
3086,2016-12-30,8.61,0.7592929555497792,8.62,8.5,0.07856881801771466,600377
